1745971200000000,94256.82000000,94267.21000000,94221.75000000,94245.34000000,14.75923000,1745971259999999,1390923.30460310,4111,6.89556000,649837.31017530,0
1745971260000000,94245.34000000,94333.27000000,94219.75000000,94320.56000000,15.89430000,1745971319999999,1498538.85968490,4015,10.21484000,963236.73893550,0
1745971320000000,94320.56000000,94320.56000000,94251.49000000,94251.49000000,8.67409000,1745971379999999,817752.69895220,2863,3.82987000,361055.07119460,0
1745971380000000,94251.49000000,94251.50000000,94136.48000000,94187.87000000,37.38669000,1745971439999999,3520829.00693740,5789,6.02037000,566924.22706820,0
1745971440000000,94187.87000000,94187.88000000,94150.63000000,94173.92000000,12.40048000,1745971499999999,1167634.62175140,1985,2.66207000,250652.52614660,0
1745971500000000,94173.91000000,94179.52000000,94137.97000000,94179.51000000,6.49428000,1745971559999999,611491.63304310,2564,3.37500000,317802.63439190,0
1745971560000000,94179.51000000,94260.87000000,94179.51000000,94260.87000000,6.87908000,1745971619999999,648057.26831190,3321,4.84221000,456151.91836480,0
1745971620000000,94260.86000000,94304.35000000,94260.86000000,94264.18000000,10.25070000,1745971679999999,966416.19887310,3326,3.32773000,313737.33121570,0
1745971680000000,94264.18000000,94315.96000000,94264.18000000,94315.95000000,3.01462000,1745971739999999,284297.92011480,1573,1.65569000,156134.78672910,0
1745971740000000,94315.95000000,94333.34000000,94315.95000000,94333.34000000,6.30025000,1745971799999999,594300.18917070,1662,4.32064000,407566.54603420,0
1745971800000000,94333.34000000,94347.83000000,94316.48000000,94344.81000000,16.72023000,1745971859999999,1577270.70651970,2439,7.51245000,708708.41186030,0
1745971860000000,94344.82000000,94380.00000000,94338.63000000,94379.99000000,5.19229000,1745971919999999,489940.93669510,2379,3.77250000,355958.87090940,0
1745971920000000,94379.99000000,94416.00000000,94379.99000000,94389.05000000,11.96823000,1745971979999999,1129760.42115920,2665,4.53986000,428527.38357040,0
1745971980000000,94389.06000000,94407.98000000,94362.81000000,94399.68000000,8.29104000,1745972039999999,782535.40649450,2899,5.01100000,472943.04996690,0
1745972040000000,94399.69000000,94399.69000000,94380.95000000,94380.95000000,9.75061000,1745972099999999,920334.46989530,1296,4.32648000,408352.54536520,0
1745972100000000,94380.96000000,94385.71000000,94376.23000000,94376.23000000,2.20462000,1745972159999999,208073.72585530,587,0.61320000,57874.16939070,0
1745972160000000,94376.23000000,94416.00000000,94364.88000000,94410.25000000,6.21238000,1745972219999999,586329.15828300,1947,4.44973000,419955.83040210,0
1745972220000000,94410.26000000,94420.00000000,94386.66000000,94420.00000000,26.56662000,1745972279999999,2508052.43135220,2359,23.10716000,2181447.24256420,0
1745972280000000,94420.00000000,94420.00000000,94355.91000000,94363.65000000,16.16356000,1745972339999999,1525571.97971060,2481,3.20272000,302244.10393770,0
1745972340000000,94363.64000000,94366.49000000,94360.36000000,94360.37000000,2.64184000,1745972399999999,249290.60096880,489,1.24318000,117308.82174610,0
1745972400000000,94360.36000000,94418.04000000,94360.36000000,94418.04000000,4.29941000,1745972459999999,405805.63154740,1825,3.68755000,348063.27743860,0
1745972460000000,94418.04000000,94448.24000000,94418.03000000,94448.24000000,3.53456000,1745972519999999,333778.65670300,1573,2.86892000,270916.61532230,0
1745972520000000,94448.23000000,94457.78000000,94442.45000000,94443.57000000,12.54115000,1745972579999999,1184570.90783860,1087,1.19949000,113298.71301020,0
1745972580000000,94443.56000000,94468.50000000,94443.56000000,94456.00000000,9.73747000,1745972639999999,919710.43126580,1678,7.95667000,751497.90847550,0
1745972640000000,94456.01000000,94456.01000000,94391.30000000,94447.99000000,10.17214000,1745972699999999,960384.51134860,2871,6.03801000,569989.21596350,0
1745972700000000,94448.00000000,94457.44000000,94428.87000000,94428.88000000,5.13339000,1745972759999999,484801.22458010,1128,2.55737000,241503.07397820,0
1745972760000000,94428.87000000,94428.87000000,94404.00000000,94404.00000000,3.41925000,1745972819999999,322817.88992280,1134,0.67095000,63343.85307690,0
1745972820000000,94404.01000000,94447.49000000,94404.00000000,94414.41000000,3.25157000,1745972879999999,307030.70082310,1941,1.94568000,183709.92245020,0
1745972880000000,94414.42000000,94434.79000000,94404.00000000,94434.78000000,2.53039000,1745972939999999,238908.31977820,1413,1.81589000,171448.48195930,0
1745972940000000,94434.78000000,94434.79000000,94400.00000000,94400.01000000,1.30995000,1745972999999999,123696.50509410,752,0.17736000,16747.23371070,0
1745973000000000,94400.00000000,94400.01000000,94339.98000000,94339.99000000,8.26115000,1745973059999999,779678.26687650,1741,0.25073000,23664.40715500,0
1745973060000000,94339.98000000,94431.66000000,94339.98000000,94431.65000000,16.41899000,1745973119999999,1549556.93044740,3141,15.79258000,1490432.42850260,0
1745973120000000,94431.66000000,94452.60000000,94431.65000000,94445.74000000,7.62299000,1745973179999999,719975.86674120,1031,6.04284000,570732.10677620,0
1745973180000000,94445.74000000,94489.36000000,94445.74000000,94489.35000000,3.68738000,1745973239999999,348360.65465710,1802,2.19890000,207727.24990090,0
1745973240000000,94489.36000000,94588.74000000,94489.35000000,94547.44000000,19.97769000,1745973299999999,1888859.36661580,4438,10.03301000,948497.87119910,0
1745973300000000,94547.44000000,94553.01000000,94533.24000000,94553.01000000,3.32285000,1745973359999999,314143.11683700,1130,1.40692000,133005.74097370,0
1745973360000000,94553.01000000,94613.21000000,94553.00000000,94613.21000000,11.62191000,1745973419999999,1099347.75254060,1966,10.42149000,985826.03230720,0
1745973420000000,94613.21000000,94624.57000000,94605.27000000,94620.75000000,12.31833000,1745973479999999,1165498.93005010,1309,9.35398000,885010.49500330,0
1745973480000000,94620.74000000,94620.75000000,94605.63000000,94605.64000000,2.94383000,1745973539999999,278532.02485560,679,0.80558000,76214.44504190,0
1745973540000000,94605.63000000,94605.64000000,94586.86000000,94586.87000000,3.35331000,1745973599999999,317206.68839190,913,1.02029000,96511.05387950,0
1745973600000000,94586.87000000,94631.23000000,94586.86000000,94631.22000000,3.82878000,1745973659999999,362242.84867550,1743,2.53473000,239810.50261210,0
1745973660000000,94631.22000000,94631.23000000,94610.04000000,94610.04000000,4.96161000,1745973719999999,469480.43929540,1088,0.43624000,41277.36281820,0
1745973720000000,94610.03000000,94610.04000000,94509.96000000,94517.15000000,17.19336000,1745973779999999,1625352.02082930,3355,6.32032000,597360.49787770,0
1745973780000000,94517.14000000,94533.92000000,94496.91000000,94496.92000000,2.71782000,1745973839999999,256862.18199030,1477,0.76855000,72640.15515440,0
1745973840000000,94496.92000000,94499.12000000,94473.36000000,94499.12000000,4.98822000,1745973899999999,471299.60937550,1105,1.08326000,102349.98401880,0
1745973900000000,94499.12000000,94499.12000000,94443.20000000,94461.36000000,9.24846000,1745973959999999,873593.82598380,1372,2.07611000,196085.93138560,0
1745973960000000,94461.36000000,94466.22000000,94451.31000000,94466.22000000,3.24706000,1745974019999999,306716.44321800,939,1.46617000,138493.84473770,0
1745974020000000,94466.22000000,94466.22000000,94420.00000000,94428.66000000,4.13046000,1745974079999999,390092.50379510,1556,1.36845000,129211.58633770,0
1745974080000000,94428.66000000,94518.06000000,94428.65000000,94514.48000000,35.95376000,1745974139999999,3397654.16096460,2477,35.17161000,3323755.98330120,0
1745974140000000,94514.48000000,94514.49000000,94501.60000000,94511.06000000,2.44850000,1745974199999999,231400.28527320,887,0.95081000,89854.59420220,0
1745974200000000,94511.05000000,94511.06000000,94490.10000000,94490.11000000,3.49327000,1745974259999999,330125.72922940,1003,1.50997000,142695.04527180,0
1745974260000000,94490.10000000,94490.10000000,94451.00000000,94460.46000000,5.85723000,1745974319999999,553289.21307210,1810,0.93259000,88089.75371430,0
1745974320000000,94460.45000000,94460.45000000,94400.00000000,94400.01000000,12.45377000,1745974379999999,1175892.37157600,1662,0.44575000,42084.86107710,0
1745974380000000,94400.00000000,94400.01000000,94399.89000000,94399.89000000,6.01362000,1745974439999999,567685.53951120,308,0.32935000,31090.62088760,0
1745974440000000,94399.90000000,94399.90000000,94365.48000000,94395.96000000,8.11057000,1745974499999999,765437.25314100,1425,4.82873000,455683.33488320,0
1745974500000000,94395.96000000,94434.79000000,94387.12000000,94434.79000000,3.28281000,1745974559999999,309929.33751790,1961,1.39438000,131648.09480100,0
1745974560000000,94434.78000000,94448.43000000,94422.94000000,94440.59000000,5.40125000,1745974619999999,510050.75339600,1163,3.45393000,326147.97682070,0
1745974620000000,94440.50000000,94450.22000000,94437.06000000,94450.22000000,1.62035000,1745974679999999,153022.70292130,862,0.89893000,84893.33415820,0
1745974680000000,94450.22000000,94521.74000000,94450.21000000,94521.73000000,3.68408000,1745974739999999,348123.15744370,1811,2.46677000,233089.22574380,0
1745974740000000,94521.73000000,94546.79000000,94510.50000000,94546.79000000,7.21454000,1745974799999999,682018.97655820,1139,5.10178000,482309.00443180,0
1745974800000000,94546.79000000,94590.01000000,94546.78000000,94587.34000000,8.07159000,1745974859999999,763390.58645410,2229,5.61196000,530763.68882150,0
1745974860000000,94587.33000000,94600.00000000,94527.28000000,94527.29000000,14.69652000,1745974919999999,1389678.66541860,2105,5.16535000,488424.74837980,0
1745974920000000,94527.29000000,94565.22000000,94521.73000000,94521.73000000,11.07054000,1745974979999999,1046733.45958330,3056,6.57258000,621432.50594980,0
1745974980000000,94521.73000000,94521.74000000,94481.49000000,94481.49000000,9.95387000,1745975039999999,940710.32557000,1475,1.03781000,98074.17573400,0
1745975040000000,94481.48000000,94481.49000000,94428.00000000,94428.00000000,4.27891000,1745975099999999,404154.72303850,1585,1.10225000,104122.20826140,0
1745975100000000,94428.01000000,94444.00000000,94428.00000000,94428.58000000,3.16304000,1745975159999999,298698.74073250,1439,1.10302000,104160.88881950,0
1745975160000000,94428.58000000,94434.79000000,94424.00000000,94434.79000000,2.21240000,1745975219999999,208915.56810850,705,0.97417000,91988.28889070,0
1745975220000000,94434.79000000,94448.96000000,94420.00000000,94448.95000000,6.01338000,1745975279999999,567814.69204860,1399,2.48254000,234411.90506470,0
1745975280000000,94448.95000000,94476.20000000,94445.68000000,94476.20000000,2.30824000,1745975339999999,218021.32744060,1265,0.71499000,67535.55988620,0
1745975340000000,94476.19000000,94476.20000000,94442.42000000,94442.43000000,2.24794000,1745975399999999,212357.89394690,971,0.28361000,26792.13492480,0
1745975400000000,94442.42000000,94466.27000000,94410.32000000,94466.26000000,5.11127000,1745975459999999,482670.97635230,2682,3.07609000,290459.39699110,0
1745975460000000,94466.26000000,94466.27000000,94417.25000000,94417.26000000,2.46965000,1745975519999999,233250.81648000,1887,1.09624000,103541.99661090,0
1745975520000000,94417.25000000,94439.47000000,94400.00000000,94439.46000000,7.26383000,1745975579999999,685791.02253690,2239,5.17460000,488542.64443480,0
1745975580000000,94439.46000000,94439.47000000,94391.30000000,94391.31000000,3.87975000,1745975639999999,366314.60710450,1391,0.84281000,79585.12613260,0
1745975640000000,94391.30000000,94394.94000000,94391.30000000,94394.94000000,3.16137000,1745975699999999,298414.12287950,362,1.93035000,182212.92271440,0
1745975700000000,94394.94000000,94400.01000000,94394.93000000,94394.96000000,1.32298000,1745975759999999,124882.91343430,530,0.40085000,37838.32879930,0
1745975760000000,94394.96000000,94394.96000000,94368.20000000,94374.30000000,2.35963000,1745975819999999,222704.31244240,1079,0.42916000,40502.21370130,0
1745975820000000,94374.29000000,94374.30000000,94360.00000000,94360.00000000,1.20181000,1745975879999999,113411.89910180,383,0.38743000,36559.65577270,0
1745975880000000,94360.01000000,94449.79000000,94360.00000000,94449.79000000,15.35080000,1745975939999999,1448823.35387520,3360,14.20433000,1340592.94414910,0
1745975940000000,94449.78000000,94555.99000000,94449.78000000,94533.30000000,9.66366000,1745975999999999,913313.51707490,3886,6.88740000,650869.51203960,0
1745976000000000,94533.29000000,94565.22000000,94503.56000000,94565.21000000,14.52195000,1745976059999999,1372917.63747410,2819,3.99688000,377830.65714010,0
1745976060000000,94565.22000000,94565.22000000,94510.60000000,94534.98000000,3.78542000,1745976119999999,357866.64551630,1758,1.18916000,112397.94553810,0
1745976120000000,94534.99000000,94604.41000000,94526.85000000,94604.41000000,4.29285000,1745976179999999,405927.67954690,2809,3.59542000,339996.67754950,0
1745976180000000,94604.41000000,94604.70000000,94571.90000000,94603.43000000,2.88865000,1745976239999999,273244.23472810,1879,1.80954000,171166.99830370,0
1745976240000000,94603.43000000,94603.43000000,94599.10000000,94599.11000000,2.93524000,1745976299999999,277676.99340190,363,0.63092000,59686.37226120,0
1745976300000000,94599.10000000,94599.11000000,94556.00000000,94569.99000000,8.51653000,1745976359999999,805425.86718470,1570,5.03626000,476263.31644830,0
1745976360000000,94570.00000000,94586.21000000,94561.76000000,94563.82000000,4.22527000,1745976419999999,399589.26323850,1724,2.03614000,192562.22577250,0
1745976420000000,94563.82000000,94563.82000000,94540.00000000,94540.01000000,6.05937000,1745976479999999,572876.13604370,993,3.08391000,291556.74396830,0
1745976480000000,94540.01000000,94542.77000000,94540.00000000,94542.76000000,1.36814000,1745976539999999,129345.75357940,529,0.79847000,75488.07455070,0
1745976540000000,94542.77000000,94597.40000000,94542.77000000,94597.40000000,5.04695000,1745976599999999,477293.19958530,2259,3.45081000,326336.47487990,0
1745976600000000,94597.39000000,94597.40000000,94569.79000000,94574.50000000,4.59518000,1745976659999999,434606.15874400,1159,2.58079000,244065.47645740,0
1745976660000000,94574.50000000,94574.50000000,94546.78000000,94546.79000000,2.71917000,1745976719999999,257118.57610970,651,0.18834000,17807.81413930,0
1745976720000000,94546.78000000,94546.79000000,94500.01000000,94500.01000000,3.37352000,1745976779999999,318900.50624880,1607,0.28286000,26740.54663930,0
1745976780000000,94500.01000000,94520.00000000,94500.00000000,94520.00000000,2.67718000,1745976839999999,252996.86403250,623,2.37383000,224329.70262990,0
1745976840000000,94520.00000000,94604.62000000,94519.99000000,94604.62000000,7.14651000,1745976899999999,675751.24472820,3468,5.99030000,566438.80797210,0
1745976900000000,94604.62000000,94604.62000000,94557.76000000,94557.77000000,13.79867000,1745976959999999,1305155.01879740,1429,0.78218000,73980.31313540,0
1745976960000000,94557.76000000,94565.22000000,94521.73000000,94565.21000000,5.00754000,1745977019999999,473434.55920050,2663,2.63866000,249455.23730150,0
1745977020000000,94565.21000000,94571.43000000,94518.48000000,94571.43000000,12.93539000,1745977079999999,1222889.22747510,3891,6.03703000,570717.95044380,0
1745977080000000,94571.43000000,94591.54000000,94571.42000000,94571.43000000,3.95506000,1745977139999999,374075.60762490,1070,2.43858000,230645.13085320,0
1745977140000000,94571.43000000,94574.27000000,94521.73000000,94521.74000000,2.72564000,1745977199999999,257698.69994440,1491,1.19080000,112577.10584580,0
1745977200000000,94521.73000000,94521.74000000,94497.20000000,94497.20000000,1.99151000,1745977259999999,188215.92575510,783,0.28034000,26496.08898330,0
1745977260000000,94497.20000000,94500.42000000,94480.64000000,94500.42000000,4.24766000,1745977319999999,401347.69981220,1552,3.24323000,306439.59066290,0
1745977320000000,94500.42000000,94533.51000000,94500.41000000,94533.51000000,1.57152000,1745977379999999,148538.03470490,1264,0.97502000,92159.00445480,0
1745977380000000,94533.50000000,94533.51000000,94451.66000000,94451.67000000,5.45103000,1745977439999999,515097.81470620,1891,0.37999000,35900.35780410,0
1745977440000000,94451.66000000,94451.66000000,94380.95000000,94381.84000000,3.25541000,1745977499999999,307314.68732100,2118,1.10292000,104106.94190040,0
1745977500000000,94381.84000000,94381.84000000,94372.57000000,94372.57000000,2.99785000,1745977559999999,282940.01541760,840,0.41614000,39274.49715930,0
1745977560000000,94372.57000000,94372.58000000,94354.15000000,94354.16000000,2.43130000,1745977619999999,229419.76421520,985,0.34012000,32094.89844510,0
1745977620000000,94354.15000000,94368.32000000,94354.15000000,94368.31000000,2.22933000,1745977679999999,210370.65348580,599,0.56936000,53726.62127670,0
1745977680000000,94368.32000000,94368.32000000,94300.44000000,94300.44000000,10.07816000,1745977739999999,950702.42563950,2512,1.48736000,140301.25048810,0
1745977740000000,94300.45000000,94300.45000000,94287.71000000,94288.85000000,2.25706000,1745977799999999,212821.24600030,821,1.09156000,102921.45480390,0
1745977800000000,94288.85000000,94320.42000000,94287.71000000,94320.42000000,5.24594000,1745977859999999,494696.54884400,1452,2.49214000,235024.80655550,0
1745977860000000,94320.41000000,94343.46000000,94320.39000000,94343.46000000,8.29807000,1745977919999999,782683.91837930,977,2.89835000,273378.39717310,0
1745977920000000,94343.46000000,94362.96000000,94343.45000000,94362.95000000,1.27957000,1745977979999999,120728.70528340,941,0.86131000,81265.74970780,0
1745977980000000,94362.96000000,94442.53000000,94348.00000000,94442.53000000,9.14823000,1745978039999999,863460.15005700,3690,6.67187000,629778.06225600,0
1745978040000000,94442.53000000,94453.00000000,94428.57000000,94452.99000000,5.92807000,1745978099999999,559845.65891500,1328,4.77296000,450756.53551520,0
1745978100000000,94453.00000000,94491.22000000,94453.00000000,94484.77000000,5.40807000,1745978159999999,510971.25711350,2034,2.43720000,230258.89785060,0
1745978160000000,94484.76000000,94499.43000000,94484.76000000,94499.42000000,1.09453000,1745978219999999,103419.97994570,563,0.94190000,88998.08780550,0
1745978220000000,94499.43000000,94549.96000000,94499.42000000,94549.95000000,2.57423000,1745978279999999,243305.30192460,1677,1.84889000,174756.90763460,0
1745978280000000,94549.95000000,94549.96000000,94520.54000000,94520.55000000,2.65134000,1745978339999999,250645.58906140,826,0.42609000,40279.23119380,0
1745978340000000,94520.55000000,94527.73000000,94502.12000000,94527.73000000,2.56673000,1745978399999999,242580.61781030,1305,1.40123000,132430.87285690,0
1745978400000000,94527.73000000,94527.73000000,94460.00000000,94460.00000000,11.64167000,1745978459999999,1100319.56476910,2026,0.27569000,26053.00183110,0
1745978460000000,94460.01000000,94475.25000000,94460.00000000,94475.25000000,2.23720000,1745978519999999,211334.24522380,858,1.46668000,138546.42734070,0
1745978520000000,94475.25000000,94475.25000000,94463.11000000,94465.95000000,2.21135000,1745978579999999,208903.47807710,993,0.79737000,75324.51902120,0
1745978580000000,94465.96000000,94478.27000000,94461.23000000,94478.26000000,1.70888000,1745978639999999,161434.50978460,897,1.25450000,118510.64026110,0
1745978640000000,94478.27000000,94500.00000000,94478.26000000,94495.94000000,3.48990000,1745978699999999,329779.06231170,1787,1.96462000,185642.27677730,0
1745978700000000,94495.95000000,94495.95000000,94493.51000000,94493.51000000,1.60075000,1745978759999999,151261.69642830,331,0.65319000,61722.77459490,0
1745978760000000,94493.51000000,94557.25000000,94493.51000000,94528.27000000,3.97775000,1745978819999999,376022.78537620,2734,2.41427000,228204.83197810,0
1745978820000000,94528.27000000,94549.00000000,94520.96000000,94549.00000000,3.20210000,1745978879999999,302687.92845320,1168,2.51976000,238187.44037690,0
1745978880000000,94548.99000000,94563.71000000,94548.99000000,94563.70000000,3.76693000,1745978939999999,356195.76392270,551,2.37327000,224407.32378360,0
1745978940000000,94563.70000000,94571.43000000,94563.70000000,94571.43000000,1.65072000,1745978999999999,156107.44549310,541,1.34127000,126842.46048440,0
1745979000000000,94571.42000000,94571.43000000,94571.42000000,94571.42000000,0.78946000,1745979059999999,74660.35750960,155,0.42764000,40442.52632520,0
1745979060000000,94571.42000000,94600.00000000,94560.17000000,94600.00000000,5.48289000,1745979119999999,518521.16017320,2044,4.14679000,392167.43314690,0
1745979120000000,94599.99000000,94600.00000000,94599.99000000,94600.00000000,1.26619000,1745979179999999,119781.56798970,262,0.66516000,62924.13600000,0
1745979180000000,94600.00000000,94600.01000000,94591.94000000,94593.39000000,5.51632000,1745979239999999,521836.79462270,751,1.87425000,177301.19853700,0
1745979240000000,94593.40000000,94593.40000000,94565.04000000,94565.04000000,1.36716000,1745979299999999,129308.92012630,768,0.59801000,56560.51100340,0
1745979300000000,94565.04000000,94587.47000000,94557.43000000,94587.47000000,3.72998000,1745979359999999,352753.40330990,1118,2.70251000,255575.28586720,0
1745979360000000,94587.46000000,94686.12000000,94587.46000000,94683.36000000,11.77506000,1745979419999999,1114410.52373900,4376,10.24780000,969863.39244940,0
1745979420000000,94683.37000000,94683.37000000,94652.46000000,94652.47000000,2.29790000,1745979479999999,217527.81832920,959,0.72574000,68694.54480080,0
1745979480000000,94652.46000000,94695.88000000,94652.46000000,94695.88000000,7.01796000,1745979539999999,664411.70579530,2066,6.00170000,568185.10407320,0
1745979540000000,94695.88000000,94704.97000000,94695.87000000,94704.97000000,6.82108000,1745979599999999,645957.35377740,555,6.33562000,599983.68417030,0
1745979600000000,94704.97000000,94720.00000000,94704.97000000,94720.00000000,11.76635000,1745979659999999,1114391.06992960,788,10.91018000,1033302.82701150,0
1745979660000000,94719.99000000,94720.00000000,94719.99000000,94719.99000000,1.88813000,1745979719999999,178843.65869750,247,0.39788000,37687.19360000,0
1745979720000000,94719.99000000,94724.44000000,94719.99000000,94724.43000000,1.27132000,1745979779999999,120419.88903640,618,0.91564000,86729.78608720,0
1745979780000000,94724.44000000,94726.93000000,94720.00000000,94720.00000000,15.99924000,1745979839999999,1515466.48255700,857,13.50771000,1279461.51791530,0
1745979840000000,94720.01000000,94720.01000000,94666.68000000,94666.69000000,10.41434000,1745979899999999,986250.36950500,2039,1.80610000,171035.95091720,0
1745979900000000,94666.68000000,94674.47000000,94600.00000000,94600.00000000,20.65767000,1745979959999999,1955047.56228220,1812,2.09422000,198219.81623500,0
1745979960000000,94600.00000000,94608.70000000,94600.00000000,94608.68000000,5.98413000,1745980019999999,566132.69621560,684,1.79314000,169635.20315140,0
1745980020000000,94608.68000000,94608.69000000,94555.43000000,94555.43000000,5.23331000,1745980079999999,494974.62126400,1734,0.85229000,80608.05242590,0
1745980080000000,94555.42000000,94555.42000000,94521.73000000,94524.48000000,5.66797000,1745980139999999,535808.22574170,1920,3.39250000,320694.31857590,0
1745980140000000,94524.48000000,94524.48000000,94500.00000000,94513.06000000,7.92822000,1745980199999999,749246.00026310,1032,6.99408000,660956.80092050,0
1745980200000000,94513.06000000,94513.06000000,94488.00000000,94505.47000000,11.44474000,1745980259999999,1081535.73198120,1253,7.45156000,704151.82481390,0
1745980260000000,94505.47000000,94513.05000000,94480.32000000,94501.01000000,4.75718000,1745980319999999,449545.21460510,1174,3.37018000,318465.19491390,0
1745980320000000,94501.01000000,94517.15000000,94501.00000000,94513.55000000,16.83232000,1745980379999999,1590713.80336510,1541,10.34344000,977479.58031950,0
1745980380000000,94513.56000000,94521.74000000,94511.14000000,94511.14000000,1.98878000,1745980439999999,187974.30211140,633,0.78695000,74379.42455880,0
1745980440000000,94511.14000000,94540.00000000,94511.14000000,94539.99000000,4.55495000,1745980499999999,430551.40649840,1212,2.46617000,233092.92536810,0
1745980500000000,94539.99000000,94595.34000000,94539.99000000,94595.34000000,3.30259000,1745980559999999,312313.65257610,1283,3.03428000,286945.62642560,0
1745980560000000,94595.34000000,94608.70000000,94532.99000000,94533.00000000,7.57449000,1745980619999999,716426.38937120,2769,2.59360000,245337.76017870,0
1745980620000000,94532.99000000,94533.00000000,94521.73000000,94521.74000000,1.84446000,1745980679999999,174352.24121610,488,0.50304000,47549.62089490,0
1745980680000000,94521.74000000,94535.05000000,94521.73000000,94535.05000000,2.20865000,1745980739999999,208770.85900200,552,1.01902000,96322.70799720,0
1745980740000000,94535.05000000,94573.74000000,94535.04000000,94573.74000000,3.62992000,1745980799999999,343197.29227240,1254,2.50806000,237131.37413240,0
1745980800000000,94573.73000000,94593.47000000,94571.56000000,94574.00000000,3.23723000,1745980859999999,306179.87241190,1029,1.16284000,109979.24552790,0
1745980860000000,94574.00000000,94640.00000000,94573.99000000,94640.00000000,6.02171000,1745980919999999,569646.87074830,1816,4.94949000,468204.35856350,0
1745980920000000,94640.00000000,94713.62000000,94639.99000000,94713.62000000,12.14139000,1745980979999999,1149524.47719400,2105,11.21892000,1062180.08218200,0
1745980980000000,94713.62000000,94713.62000000,94710.90000000,94710.90000000,2.69732000,1745981039999999,255466.92389300,609,1.58714000,150319.66555990,0
1745981040000000,94710.91000000,94710.91000000,94702.52000000,94710.90000000,3.75475000,1745981099999999,355600.20508390,978,1.30233000,123337.90851890,0
1745981100000000,94710.90000000,94736.00000000,94710.90000000,94715.38000000,6.12734000,1745981159999999,580402.34473370,1631,2.56096000,242578.17512150,0
1745981160000000,94715.37000000,94780.00000000,94685.51000000,94771.05000000,18.64178000,1745981219999999,1765785.80347690,3529,16.03229000,1518598.17721960,0
1745981220000000,94771.05000000,94771.05000000,94707.59000000,94711.89000000,7.66281000,1745981279999999,725902.86508840,1341,3.97313000,376361.39525520,0
1745981280000000,94711.88000000,94724.52000000,94711.88000000,94724.52000000,1.71725000,1745981339999999,162647.75296880,625,1.36558000,129339.05030030,0
1745981340000000,94724.52000000,94762.64000000,94724.51000000,94762.28000000,8.57495000,1745981399999999,812467.74566080,918,8.48049000,803519.41939900,0
1745981400000000,94762.28000000,94785.00000000,94742.10000000,94742.11000000,14.17303000,1745981459999999,1343050.53827430,2216,9.19779000,871571.57525290,0
1745981460000000,94742.10000000,94753.81000000,94742.10000000,94753.80000000,1.49695000,1745981519999999,141831.79279270,643,1.16465000,110346.73597210,0
1745981520000000,94753.81000000,94753.81000000,94740.00000000,94740.01000000,3.72140000,1745981579999999,352602.44500420,1047,0.53279000,50481.35696940,0
1745981580000000,94740.01000000,94740.01000000,94633.00000000,94633.01000000,17.13679000,1745981639999999,1622457.83982180,2798,2.85975000,270702.80177080,0
1745981640000000,94633.00000000,94652.18000000,94633.00000000,94642.08000000,2.84274000,1745981699999999,269045.19291090,1045,2.16718000,205104.31863290,0
1745981700000000,94642.08000000,94642.09000000,94616.68000000,94633.64000000,7.26587000,1745981759999999,687546.84606660,1693,3.27419000,309822.22360720,0
1745981760000000,94633.65000000,94644.63000000,94633.63000000,94642.00000000,13.42793000,1745981819999999,1270801.98398640,1630,2.49523000,236144.91615680,0
1745981820000000,94641.99000000,94642.00000000,94641.99000000,94641.99000000,0.84169000,1745981879999999,79659.22170260,419,0.51395000,48641.25590000,0
1745981880000000,94642.00000000,94642.00000000,94641.99000000,94642.00000000,1.40006000,1745981939999999,132504.47207740,432,0.75580000,71530.42360000,0
1745981940000000,94642.00000000,94642.00000000,94641.99000000,94641.99000000,0.81936000,1745981999999999,77545.86624220,416,0.53158000,50309.79436000,0
1745982000000000,94641.99000000,94642.00000000,94641.99000000,94642.00000000,1.36865000,1745982059999999,129531.76640430,504,0.67908000,64269.48936000,0
1745982060000000,94642.00000000,94642.00000000,94617.84000000,94617.85000000,4.39691000,1745982119999999,416098.86760800,1152,1.10283000,104356.38406030,0
1745982120000000,94617.85000000,94617.85000000,94608.69000000,94608.70000000,0.79783000,1745982179999999,75484.81164810,428,0.23466000,22201.58140500,0
1745982180000000,94608.70000000,94613.71000000,94608.69000000,94610.88000000,6.90108000,1745982239999999,652915.23695400,752,4.29694000,406534.29707610,0
1745982240000000,94610.88000000,94610.88000000,94579.16000000,94579.16000000,3.73447000,1745982299999999,353304.98026950,1425,1.40195000,132639.38732500,0
1745982300000000,94579.17000000,94591.47000000,94565.21000000,94565.21000000,4.90811000,1745982359999999,464205.20472320,1694,2.90579000,274828.38395360,0
1745982360000000,94565.21000000,94565.22000000,94552.90000000,94552.91000000,2.46611000,1745982419999999,233194.05098120,710,0.22614000,21383.31007160,0
1745982420000000,94552.91000000,94595.67000000,94552.90000000,94595.67000000,3.90297000,1745982479999999,369083.34781940,1398,2.70482000,255780.11333630,0
1745982480000000,94595.67000000,94597.36000000,94566.79000000,94597.36000000,4.04582000,1745982539999999,382662.56602780,1696,1.61530000,152769.48076920,0
1745982540000000,94597.35000000,94606.56000000,94597.35000000,94606.56000000,0.80447000,1745982599999999,76105.61707900,331,0.39410000,37283.05600900,0
1745982600000000,94606.56000000,94622.56000000,94597.09000000,94606.02000000,12.69436000,1745982659999999,1201128.97487090,1980,1.69541000,160407.62452400,0
1745982660000000,94606.01000000,94606.02000000,94530.33000000,94530.34000000,5.90102000,1745982719999999,558003.86611630,3274,1.68965000,159763.28529520,0
1745982720000000,94530.33000000,94530.34000000,94500.00000000,94513.51000000,12.06358000,1745982779999999,1140105.91459760,2378,9.65463000,912416.92631920,0
1745982780000000,94513.51000000,94574.04000000,94496.87000000,94574.03000000,15.35142000,1745982839999999,1450882.76276220,2716,11.46086000,1083171.37049090,0
1745982840000000,94574.04000000,94604.73000000,94566.00000000,94604.73000000,3.75411000,1745982899999999,355099.74270730,1341,2.04106000,193067.51741840,0
1745982900000000,94604.73000000,94628.68000000,94602.63000000,94628.68000000,3.05659000,1745982959999999,289179.57110630,1268,2.08277000,197048.57067460,0
1745982960000000,94628.68000000,94653.98000000,94628.67000000,94653.97000000,5.01094000,1745983019999999,474257.44427630,1321,3.31272000,313527.47503640,0
1745983020000000,94653.97000000,94666.67000000,94635.54000000,94666.52000000,6.81712000,1745983079999999,645244.28246930,2593,3.09805000,293224.78019680,0
1745983080000000,94666.52000000,94687.13000000,94666.51000000,94687.13000000,4.56366000,1745983139999999,432054.48655550,1988,3.64984000,345538.02768230,0
1745983140000000,94687.13000000,94700.00000000,94657.60000000,94672.80000000,7.49761000,1745983199999999,709898.68132390,1809,1.87778000,177777.92246920,0
1745983200000000,94672.79000000,94705.22000000,94672.79000000,94705.22000000,3.67234000,1745983259999999,347748.72659850,1771,2.28023000,215925.99268430,0
1745983260000000,94705.22000000,94705.22000000,94683.82000000,94683.83000000,2.54236000,1745983319999999,240759.89746720,1049,0.57108000,54080.70388070,0
1745983320000000,94683.82000000,94714.29000000,94664.00000000,94664.00000000,4.83044000,1745983379999999,457417.32657530,2732,1.82233000,172575.97549950,0
1745983380000000,94664.00000000,94695.66000000,94664.00000000,94695.66000000,5.44394000,1745983439999999,515455.88534170,1143,4.32307000,409339.81372920,0
1745983440000000,94695.65000000,94720.00000000,94695.65000000,94720.00000000,1.70436000,1745983499999999,161418.33020990,1182,1.00941000,95601.66423320,0
1745983500000000,94719.99000000,94731.05000000,94719.99000000,94726.00000000,5.19213000,1745983559999999,491835.33950000,1138,3.00247000,284414.90721050,0
1745983560000000,94726.00000000,94726.00000000,94695.17000000,94695.18000000,4.10747000,1745983619999999,388979.14317580,1139,2.77475000,262757.75557270,0
1745983620000000,94695.18000000,94695.18000000,94691.66000000,94691.66000000,1.71346000,1745983679999999,162253.71040810,398,0.44313000,41961.37125330,0
1745983680000000,94691.67000000,94691.67000000,94657.60000000,94657.61000000,3.88804000,1745983739999999,368119.02229270,1243,0.52783000,49967.04980300,0
1745983740000000,94657.60000000,94657.61000000,94657.60000000,94657.61000000,0.87725000,1745983799999999,83038.38573170,133,0.61317000,58041.20672370,0
1745983800000000,94657.61000000,94687.97000000,94657.60000000,94687.97000000,3.72666000,1745983859999999,352788.14006600,1336,2.94927000,279188.99370790,0
1745983860000000,94687.96000000,94720.00000000,94687.96000000,94719.99000000,5.44742000,1745983919999999,515896.96086980,1673,2.35867000,223379.54439880,0
1745983920000000,94720.00000000,94739.14000000,94719.99000000,94722.33000000,12.40794000,1745983979999999,1175436.44425210,1289,10.31102000,976790.93916330,0
1745983980000000,94722.32000000,94730.56000000,94719.99000000,94730.56000000,2.15297000,1745984039999999,203935.95828160,591,0.85200000,80705.38324750,0
1745984040000000,94730.56000000,94777.09000000,94730.55000000,94775.85000000,7.89942000,1745984099999999,748524.12166710,1834,5.24510000,496967.99153940,0
1745984100000000,94775.85000000,94775.86000000,94775.85000000,94775.86000000,0.63789000,1745984159999999,60456.57010530,109,0.31488000,29843.02279680,0
1745984160000000,94775.85000000,94775.86000000,94775.85000000,94775.86000000,1.55446000,1745984219999999,147325.27242210,251,0.46311000,43891.64852460,0
1745984220000000,94775.85000000,94775.86000000,94747.68000000,94747.68000000,5.24051000,1745984279999999,496568.54691030,994,1.04514000,99028.68846660,0
1745984280000000,94747.68000000,94761.28000000,94747.68000000,94761.28000000,3.04962000,1745984339999999,288962.65597260,539,2.76104000,261618.12865980,0
1745984340000000,94761.28000000,94761.28000000,94719.99000000,94733.30000000,2.32356000,1745984399999999,220134.20938620,1559,0.42807000,40552.12108960,0
1745984400000000,94733.29000000,94805.02000000,94733.29000000,94805.01000000,11.48583000,1745984459999999,1088583.06532270,3060,9.99190000,947028.44422800,0
1745984460000000,94805.01000000,94805.02000000,94788.46000000,94788.47000000,4.67304000,1745984519999999,442986.51473550,885,1.88243000,178444.55863840,0
1745984520000000,94788.47000000,94809.53000000,94788.46000000,94794.00000000,17.47276000,1745984579999999,1656483.71255780,1101,1.82037000,172568.10163300,0
1745984580000000,94794.01000000,94794.01000000,94755.54000000,94760.29000000,2.58856000,1745984639999999,245332.83134390,1176,1.13574000,107639.69872660,0
1745984640000000,94760.29000000,94760.29000000,94745.53000000,94745.54000000,2.50163000,1745984699999999,237050.22660940,518,0.36296000,34392.60864340,0
1745984700000000,94745.53000000,94836.01000000,94745.53000000,94836.00000000,5.74065000,1745984759999999,544109.34128830,2485,4.60386000,436381.90642230,0
1745984760000000,94836.00000000,94888.00000000,94822.27000000,94887.97000000,29.46938000,1745984819999999,2794891.07296680,3180,5.20907000,494121.64423750,0
1745984820000000,94887.96000000,94920.00000000,94848.62000000,94919.99000000,26.75141000,1745984879999999,2538348.11386890,3738,22.04296000,2091603.41734010,0
1745984880000000,94920.00000000,94976.43000000,94920.00000000,94950.26000000,32.10870000,1745984939999999,3048831.39835940,3638,23.64381000,2245033.76747790,0
1745984940000000,94950.26000000,94986.00000000,94948.95000000,94973.12000000,7.16798000,1745984999999999,680748.24963180,1523,4.06810000,386350.82126540,0
1745985000000000,94973.11000000,94973.11000000,94931.24000000,94931.24000000,4.74417000,1745985059999999,450482.92844650,1569,0.97328000,92422.35010680,0
1745985060000000,94931.24000000,94944.74000000,94931.24000000,94944.74000000,4.49179000,1745985119999999,426449.38270380,1050,3.72216000,353377.90790390,0
1745985120000000,94944.74000000,94994.37000000,94944.26000000,94994.36000000,75.60393000,1745985179999999,7179762.61351960,1784,74.33205000,7058988.89268060,0
1745985180000000,94994.36000000,94994.37000000,94980.13000000,94980.13000000,5.45176000,1745985239999999,517861.16339360,868,2.52171000,239537.62100890,0
1745985240000000,94980.14000000,95078.72000000,94980.13000000,95064.00000000,71.42391000,1745985299999999,6786908.92582370,5858,46.54453000,4422483.48114570,0
1745985300000000,95063.99000000,95111.00000000,95063.99000000,95110.99000000,33.76312000,1745985359999999,3210687.34416180,3569,26.48381000,2518442.84209270,0
1745985360000000,95110.99000000,95111.01000000,95006.09000000,95026.00000000,10.71909000,1745985419999999,1018879.82982460,4940,1.63575000,155503.79470720,0
1745985420000000,95025.99000000,95032.84000000,95000.00000000,95004.69000000,12.50223000,1745985479999999,1187919.62065960,1940,6.40171000,608272.50148280,0
1745985480000000,95004.69000000,95032.84000000,94984.56000000,94989.37000000,11.68082000,1745985539999999,1109695.78134300,3626,1.11224000,105675.20737840,0
1745985540000000,94989.36000000,95032.84000000,94984.57000000,95032.84000000,17.81202000,1745985599999999,1692138.76620820,2242,2.89479000,275020.27334590,0
1745985600000000,95032.84000000,95105.97000000,95032.83000000,95105.96000000,41.15936000,1745985659999999,3913536.68660330,3070,24.35590000,2315934.33081900,0
1745985660000000,95105.96000000,95180.00000000,95102.38000000,95102.38000000,47.48331000,1745985719999999,4517952.69954210,5804,24.69921000,2350261.72317410,0
1745985720000000,95102.39000000,95102.39000000,94994.96000000,94994.97000000,16.82080000,1745985779999999,1598602.79541860,5297,1.42597000,135514.21713030,0
1745985780000000,94994.97000000,95020.00000000,94980.95000000,95009.97000000,13.46785000,1745985839999999,1279399.80225840,2140,3.18342000,302422.80515610,0
1745985840000000,95009.96000000,95017.25000000,94953.77000000,94953.77000000,32.74353000,1745985899999999,3110253.54697450,4685,6.17776000,586762.77169340,0
1745985900000000,94953.77000000,94988.69000000,94932.28000000,94949.22000000,30.03313000,1745985959999999,2851863.34769740,3062,6.66304000,632686.93390120,0
1745985960000000,94949.23000000,94970.00000000,94938.14000000,94940.00000000,6.59110000,1745986019999999,625796.04757250,1740,4.56358000,433284.24056190,0
1745986020000000,94940.01000000,94964.71000000,94940.01000000,94952.39000000,7.34660000,1745986079999999,697627.58660450,2078,2.03889000,193598.77177600,0
1745986080000000,94952.38000000,95000.00000000,94938.02000000,94946.94000000,84.44058000,1745986139999999,8019183.62269570,2025,70.18892000,6665965.08597330,0
1745986140000000,94946.95000000,94946.95000000,94919.84000000,94919.85000000,17.90597000,1745986199999999,1699784.61593930,1300,1.82639000,173389.64971760,0
1745986200000000,94919.85000000,94931.52000000,94916.85000000,94923.52000000,5.75870000,1745986259999999,546630.55270170,1272,2.81938000,267625.93960520,0
1745986260000000,94923.52000000,94953.18000000,94923.51000000,94945.20000000,3.95867000,1745986319999999,375833.64878150,1860,3.08018000,292426.76872850,0
1745986320000000,94945.20000000,95016.83000000,94945.19000000,95016.83000000,6.34307000,1745986379999999,602474.53651370,2213,4.39172000,417099.79032830,0
1745986380000000,95016.82000000,95016.83000000,94983.77000000,95000.01000000,18.24143000,1745986439999999,1732918.85568410,952,5.34413000,507664.27222320,0
1745986440000000,95000.00000000,95016.83000000,95000.00000000,95004.93000000,5.66756000,1745986499999999,538478.63711670,753,2.46107000,233814.46970080,0
1745986500000000,95004.94000000,95060.00000000,95004.93000000,95029.22000000,4.31389000,1745986559999999,410013.46645510,2121,1.97897000,188073.05005520,0
1745986560000000,95029.22000000,95029.22000000,94962.61000000,94978.89000000,10.56561000,1745986619999999,1003689.72311660,2472,1.81377000,172272.11479720,0
1745986620000000,94978.90000000,94995.49000000,94972.17000000,94972.18000000,2.80346000,1745986679999999,266280.18932510,1135,1.23780000,117566.22562730,0
1745986680000000,94972.17000000,95000.00000000,94972.17000000,94986.28000000,10.43574000,1745986739999999,991327.99045250,1327,1.78028000,169100.42110680,0
1745986740000000,94986.27000000,94986.28000000,94920.00000000,94920.00000000,10.84080000,1745986799999999,1029446.77166660,2559,2.16021000,205127.18705880,0
1745986800000000,94920.00000000,94956.54000000,94920.00000000,94940.06000000,8.86618000,1745986859999999,841723.83818800,2447,4.88902000,464146.62729320,0
1745986860000000,94940.05000000,94940.05000000,94886.07000000,94899.98000000,26.55422000,1745986919999999,2519983.17191560,2005,1.61481000,153271.64462630,0
1745986920000000,94899.99000000,94958.41000000,94899.98000000,94958.34000000,7.30972000,1745986979999999,693924.60141030,1677,4.62272000,438872.74209630,0
1745986980000000,94958.34000000,94960.00000000,94913.04000000,94913.04000000,5.50859000,1745987039999999,522977.94934330,1911,1.38911000,131896.97832420,0
1745987040000000,94913.04000000,94913.05000000,94900.88000000,94900.89000000,11.49180000,1745987099999999,1090652.16755590,833,0.72252000,68570.89910780,0
1745987100000000,94900.89000000,94940.88000000,94896.82000000,94896.82000000,10.86434000,1745987159999999,1031322.17839790,1936,2.67283000,253691.59909850,0
1745987160000000,94896.82000000,94896.82000000,94869.56000000,94869.56000000,5.52075000,1745987219999999,523837.18597980,569,1.23538000,117201.72619410,0
1745987220000000,94869.56000000,94942.27000000,94869.56000000,94932.02000000,9.21665000,1745987279999999,874703.86523960,2922,5.66055000,537228.88279660,0
1745987280000000,94932.02000000,94932.02000000,94886.48000000,94886.49000000,6.28467000,1745987339999999,596451.83204790,996,0.52631000,49939.71228150,0
1745987340000000,94886.49000000,94896.94000000,94886.48000000,94896.93000000,2.05069000,1745987399999999,194592.02594660,368,1.45749000,138299.21649910,0
1745987400000000,94896.94000000,94929.00000000,94896.93000000,94901.25000000,6.39510000,1745987459999999,606984.43927660,1717,3.41117000,323761.54647930,0
1745987460000000,94901.26000000,94901.26000000,94884.21000000,94884.21000000,1.23686000,1745987519999999,117366.53540250,652,0.26521000,25167.28836420,0
1745987520000000,94884.21000000,94948.32000000,94884.14000000,94948.31000000,4.83823000,1745987579999999,459197.01286610,2025,3.82423000,362963.09843270,0
1745987580000000,94948.32000000,94975.52000000,94948.31000000,94975.48000000,22.81386000,1745987639999999,2166518.65612560,1888,20.68992000,1964830.57759920,0
1745987640000000,94975.49000000,94987.42000000,94973.40000000,94984.00000000,1.65275000,1745987699999999,156982.10475740,1061,0.86552000,82208.27985520,0
1745987700000000,94983.99000000,94983.99000000,94968.62000000,94970.82000000,3.34637000,1745987759999999,317810.46773010,786,2.09999000,199435.55476310,0
1745987760000000,94970.83000000,94970.83000000,94912.40000000,94912.40000000,2.00021000,1745987819999999,189901.53009180,1597,0.34780000,33015.91953330,0
1745987820000000,94912.40000000,94920.53000000,94907.50000000,94920.52000000,2.58741000,1745987879999999,245579.60381450,681,1.28545000,122001.93899590,0
1745987880000000,94920.53000000,94951.79000000,94920.49000000,94920.49000000,3.06542000,1745987939999999,291023.40779070,1710,1.44796000,137466.04397220,0
1745987940000000,94920.50000000,94920.50000000,94917.42000000,94917.42000000,1.40427000,1745987999999999,133290.44368410,366,0.27392000,25999.88866930,0
1745988000000000,94917.42000000,94917.42000000,94912.43000000,94912.43000000,0.95558000,1745988059999999,90696.51810400,210,0.23461000,22267.40754840,0
1745988060000000,94912.44000000,94923.67000000,94912.44000000,94923.34000000,4.14048000,1745988119999999,393011.53687020,836,0.87731000,83270.61608200,0
1745988120000000,94923.34000000,94950.00000000,94900.01000000,94900.01000000,12.18884000,1745988179999999,1157124.69037170,2625,1.35322000,128467.39588640,0
1745988180000000,94900.02000000,94900.02000000,94896.50000000,94896.50000000,1.72126000,1745988239999999,163345.05309190,509,0.39173000,37175.02255590,0
1745988240000000,94896.51000000,94920.79000000,94896.50000000,94902.34000000,11.66107000,1745988299999999,1106702.22329310,1248,2.73136000,259219.19808520,0
1745988300000000,94902.34000000,94945.97000000,94902.34000000,94945.96000000,5.55032000,1745988359999999,526918.93771240,1993,5.15454000,489344.84523550,0
1745988360000000,94945.96000000,94962.13000000,94930.03000000,94962.12000000,5.19723000,1745988419999999,493455.98211120,1633,3.17939000,301870.59519910,0
1745988420000000,94962.12000000,95008.09000000,94960.38000000,94960.38000000,12.08154000,1745988479999999,1147658.18860880,3413,6.67504000,634058.62222430,0
1745988480000000,94960.38000000,94960.39000000,94942.21000000,94942.22000000,2.36789000,1745988539999999,224849.86186430,806,0.31947000,30335.67018650,0
1745988540000000,94942.21000000,94942.22000000,94892.69000000,94904.02000000,3.91765000,1745988599999999,371858.38192030,1772,1.00881000,95743.28385290,0
1745988600000000,94904.02000000,94926.20000000,94904.01000000,94926.19000000,2.48483000,1745988659999999,235858.79625060,767,1.39281000,132199.71359830,0
1745988660000000,94926.20000000,94926.20000000,94914.74000000,94921.39000000,2.77721000,1745988719999999,263618.81396170,643,0.73396000,69667.15090220,0
1745988720000000,94921.39000000,94962.20000000,94921.39000000,94962.19000000,3.37849000,1745988779999999,320762.88016460,1040,2.28475000,216919.70393840,0
1745988780000000,94962.20000000,94989.84000000,94962.19000000,94984.91000000,5.59814000,1745988839999999,531737.20115500,1653,2.76119000,262265.45667440,0
1745988840000000,94984.91000000,94984.92000000,94951.22000000,94961.82000000,3.55472000,1745988899999999,337566.68625490,1004,0.97581000,92662.51833000,0
1745988900000000,94961.82000000,95030.57000000,94961.82000000,95030.56000000,5.98645000,1745988959999999,568736.76868050,2806,4.02821000,382678.52593720,0
1745988960000000,95030.57000000,95067.31000000,95030.56000000,95066.50000000,4.88748000,1745989019999999,464570.77913190,1706,1.77060000,168299.60089090,0
1745989020000000,95066.50000000,95066.50000000,95006.20000000,95055.30000000,46.72641000,1745989079999999,4441110.60837450,3381,3.23381000,307310.82989510,0
1745989080000000,95055.29000000,95055.30000000,95005.75000000,95005.75000000,6.27377000,1745989139999999,596244.15965070,1747,0.91390000,86853.62138080,0
1745989140000000,95005.75000000,95054.76000000,95005.75000000,95054.75000000,4.77009000,1745989199999999,453294.04567760,1856,2.50057000,237628.07500010,0
1745989200000000,95054.76000000,95070.58000000,95036.61000000,95039.34000000,8.51669000,1745989259999999,809543.32842010,2051,3.10921000,295508.82866710,0
1745989260000000,95039.33000000,95039.34000000,95002.53000000,95002.53000000,2.66427000,1745989319999999,253154.70680300,1748,0.38575000,36651.97213080,0
1745989320000000,95002.54000000,95002.54000000,94984.25000000,94984.25000000,4.17435000,1745989379999999,396552.43502240,817,2.18420000,207491.95999690,0
1745989380000000,94984.25000000,94984.26000000,94944.00000000,94962.74000000,3.97302000,1745989439999999,377262.07949770,2055,2.17404000,206424.48813810,0
1745989440000000,94962.75000000,94965.49000000,94945.53000000,94965.48000000,6.77929000,1745989499999999,643717.79141590,1867,3.90935000,371200.65129730,0
1745989500000000,94965.49000000,94979.43000000,94937.69000000,94943.86000000,7.99305000,1745989559999999,758953.01944440,2163,2.60119000,246966.41283800,0
1745989560000000,94943.85000000,94969.00000000,94943.85000000,94968.99000000,3.59795000,1745989619999999,341641.21999060,1231,1.71355000,162706.90251750,0
1745989620000000,94968.99000000,94968.99000000,94933.96000000,94943.51000000,2.44758000,1745989679999999,232387.23564050,1495,0.81868000,77725.18652050,0
1745989680000000,94943.51000000,95011.33000000,94943.51000000,95007.19000000,8.51132000,1745989739999999,808508.66090500,2804,4.38471000,416473.41627960,0
1745989740000000,95007.18000000,95043.48000000,95007.18000000,95032.15000000,3.44085000,1745989799999999,326974.70903770,1567,2.24818000,213630.81368040,0
1745989800000000,95032.15000000,95033.41000000,94993.69000000,94993.69000000,7.49844000,1745989859999999,712534.40675420,1724,5.07646000,482402.63101710,0
1745989860000000,94993.69000000,95031.43000000,94990.96000000,95031.42000000,4.46363000,1745989919999999,424044.21608360,1151,2.66118000,252813.21179310,0
1745989920000000,95031.42000000,95031.43000000,95010.00000000,95010.00000000,4.85598000,1745989979999999,461410.93313140,1669,2.15012000,204300.98355480,0
1745989980000000,95010.01000000,95082.71000000,94993.69000000,95082.71000000,15.62049000,1745990039999999,1484593.98677220,3345,10.86770000,1032905.56602310,0
1745990040000000,95082.73000000,95102.94000000,95045.11000000,95045.11000000,6.96808000,1745990099999999,662567.69402580,2619,2.87705000,273568.08914050,0
1745990100000000,95045.12000000,95054.00000000,95008.48000000,95025.14000000,6.66737000,1745990159999999,633635.85905940,2165,4.01006000,381103.17899850,0
1745990160000000,95025.14000000,95109.39000000,95020.93000000,95109.38000000,46.08740000,1745990219999999,4380793.09337720,3071,34.00855000,3232839.59690220,0
1745990220000000,95109.38000000,95113.20000000,95072.29000000,95072.29000000,25.82694000,1745990279999999,2456334.14026870,2583,20.16821000,1918154.94297270,0
1745990280000000,95072.29000000,95072.29000000,95057.71000000,95057.71000000,12.94458000,1745990339999999,1230555.12323520,1508,11.08618000,1053887.34010750,0
1745990340000000,95057.71000000,95057.72000000,95027.11000000,95036.81000000,4.28861000,1745990399999999,407601.92456530,1791,0.97790000,92927.86729840,0
1745990400000000,95036.82000000,95053.83000000,95036.81000000,95053.82000000,3.66203000,1745990459999999,348071.48725880,857,2.05290000,195119.05042400,0
1745990460000000,95053.83000000,95064.55000000,95041.45000000,95054.51000000,6.60011000,1745990519999999,627347.92090800,1906,2.11405000,200932.35026680,0
1745990520000000,95054.51000000,95064.31000000,95054.51000000,95063.67000000,2.59131000,1745990579999999,246331.68283600,802,1.81691000,172714.91347070,0
1745990580000000,95063.67000000,95069.99000000,95060.00000000,95060.00000000,4.65871000,1745990639999999,442880.20459810,856,3.28201000,312006.90846890,0
1745990640000000,95060.00000000,95069.97000000,95060.00000000,95063.50000000,2.54428000,1745990699999999,241872.04398260,782,1.30659000,124206.86573890,0
1745990700000000,95063.51000000,95069.95000000,95063.50000000,95066.45000000,4.14260000,1745990759999999,393826.94139530,667,3.69973000,351724.64686510,0
1745990760000000,95066.46000000,95066.46000000,95041.62000000,95049.86000000,2.28141000,1745990819999999,216845.48683610,1383,0.55507000,52756.77900710,0
1745990820000000,95049.87000000,95049.87000000,95026.63000000,95035.02000000,3.71048000,1745990879999999,352636.59969400,1403,0.86168000,81884.97305490,0
1745990880000000,95035.02000000,95035.03000000,95000.00000000,95000.00000000,4.14446000,1745990939999999,393777.50184640,1202,0.82172000,78085.90600550,0
1745990940000000,95000.00000000,95000.01000000,94973.41000000,94973.42000000,1.55004000,1745990999999999,147228.76937670,1287,0.38369000,36443.89319390,0
1745991000000000,94973.41000000,94986.48000000,94973.41000000,94986.48000000,3.16137000,1745991059999999,300257.13904100,519,2.66100000,252733.16770800,0
1745991060000000,94986.48000000,95043.48000000,94986.47000000,95043.47000000,3.77918000,1745991119999999,359055.18280490,1578,3.22299000,306212.64539190,0
1745991120000000,95043.48000000,95058.38000000,95036.94000000,95046.45000000,5.54228000,1745991179999999,526761.04000590,1497,3.16831000,301124.68376010,0
1745991180000000,95046.44000000,95051.19000000,95046.44000000,95051.18000000,2.11491000,1745991239999999,201015.60003240,400,0.44627000,42416.66285020,0
1745991240000000,95051.18000000,95051.19000000,95046.95000000,95046.96000000,0.61467000,1745991299999999,58423.91351010,293,0.30819000,29292.91743060,0
1745991300000000,95046.95000000,95046.95000000,95036.12000000,95036.13000000,4.07030000,1745991359999999,386853.70895540,921,0.79322000,75386.79817200,0
1745991360000000,95036.12000000,95042.50000000,94989.54000000,94989.54000000,4.86026000,1745991419999999,461845.77779930,2042,1.79471000,170559.29315080,0
1745991420000000,94989.55000000,94989.55000000,94956.52000000,94970.33000000,6.05387000,1745991479999999,574919.97086980,1986,1.93786000,184027.48154740,0
1745991480000000,94970.32000000,94970.33000000,94967.09000000,94967.10000000,2.52967000,1745991539999999,240242.10966270,315,0.37659000,35764.69734200,0
1745991540000000,94967.10000000,94979.50000000,94960.05000000,94968.99000000,5.38682000,1745991599999999,511563.54799970,1412,2.72423000,258709.62751250,0
1745991600000000,94969.00000000,95040.08000000,94968.99000000,95035.33000000,5.30879000,1745991659999999,504473.38079060,1871,1.97231000,187383.43647710,0
1745991660000000,95035.33000000,95035.33000000,95017.91000000,95017.92000000,3.31073000,1745991719999999,314610.01011630,502,0.87613000,83260.90894950,0
1745991720000000,95017.92000000,95017.92000000,94991.80000000,95006.00000000,3.88700000,1745991779999999,369277.93082140,1445,1.39751000,132755.27278280,0
1745991780000000,95005.99000000,95009.97000000,95005.12000000,95009.96000000,5.35615000,1745991839999999,508867.83737140,540,4.23237000,402099.34488680,0
1745991840000000,95009.96000000,95009.97000000,95005.21000000,95005.22000000,2.08298000,1745991899999999,197903.10682970,390,0.11964000,11366.77863330,0
1745991900000000,95005.21000000,95005.22000000,94962.59000000,94962.59000000,5.30295000,1745991959999999,503726.24659900,1807,0.18187000,17274.16418020,0
1745991960000000,94962.60000000,94962.60000000,94909.92000000,94910.01000000,40.04055000,1745992019999999,3800935.73710580,1721,3.51159000,333300.37955510,0
1745992020000000,94910.00000000,94910.01000000,94886.04000000,94908.01000000,12.37891000,1745992079999999,1174752.20545000,1318,5.17845000,491389.48593030,0
1745992080000000,94908.01000000,94908.01000000,94896.81000000,94904.91000000,3.55056000,1745992139999999,336965.59522300,752,0.73933000,70162.88881970,0
1745992140000000,94904.92000000,94904.92000000,94904.91000000,94904.92000000,3.40179000,1745992199999999,322846.57654570,239,0.27568000,26163.38834560,0
1745992200000000,94904.92000000,94929.32000000,94904.91000000,94929.31000000,10.16855000,1745992259999999,965204.13816380,1045,3.33636000,316661.83337930,0
1745992260000000,94929.32000000,94929.32000000,94912.02000000,94912.02000000,2.70128000,1745992319999999,256405.98575790,654,0.20472000,19431.70098640,0
1745992320000000,94912.03000000,94929.20000000,94896.75000000,94896.76000000,14.22170000,1745992379999999,1349755.89554320,1984,1.09034000,103485.97826050,0
1745992380000000,94896.76000000,94925.61000000,94896.76000000,94921.40000000,10.85663000,1745992439999999,1030532.04190050,1141,0.88128000,83641.06490630,0
1745992440000000,94921.39000000,94921.40000000,94921.32000000,94921.32000000,3.06096000,1745992499999999,290550.56160700,304,0.17390000,16506.82107830,0
1745992500000000,94921.33000000,94921.33000000,94869.57000000,94889.93000000,21.50121000,1745992559999999,2040487.69695940,1288,2.94211000,279145.51229230,0
1745992560000000,94889.93000000,94909.49000000,94889.92000000,94909.49000000,4.73167000,1745992619999999,449005.71213080,699,4.04821000,384145.99246580,0
1745992620000000,94909.49000000,94909.49000000,94899.02000000,94899.02000000,1.68256000,1745992679999999,159689.58955870,412,0.17901000,16989.25848610,0
1745992680000000,94899.02000000,94899.03000000,94880.53000000,94883.01000000,6.38603000,1745992739999999,605929.20786580,1142,1.35902000,128946.38257880,0
1745992740000000,94883.01000000,94894.00000000,94883.00000000,94894.00000000,1.01700000,1745992799999999,96498.01368340,693,0.50952000,48346.46814460,0
1745992800000000,94894.00000000,94915.25000000,94893.99000000,94915.25000000,1.97218000,1745992859999999,187180.42785750,824,1.78585000,169495.64237610,0
1745992860000000,94915.25000000,94915.25000000,94915.24000000,94915.24000000,1.26042000,1745992919999999,119633.07130150,221,0.45007000,42718.50656750,0
1745992920000000,94915.25000000,94916.73000000,94915.24000000,94916.72000000,2.49314000,1745992979999999,236638.88506690,410,1.96105000,186134.69710210,0
1745992980000000,94916.73000000,94916.85000000,94916.72000000,94916.84000000,2.97055000,1745993039999999,281955.07638720,284,0.67646000,64207.39048160,0
1745993040000000,94916.84000000,94921.31000000,94908.13000000,94921.31000000,8.92659000,1745993099999999,847273.22451690,1007,3.64675000,346132.70775490,0
1745993100000000,94921.31000000,94921.32000000,94921.31000000,94921.31000000,1.21853000,1745993159999999,115664.46857800,173,0.47037000,44648.14128840,0
1745993160000000,94921.31000000,94921.32000000,94882.33000000,94882.33000000,5.42590000,1745993219999999,514948.35237850,1501,0.15353000,14570.61403530,0
1745993220000000,94882.33000000,94882.34000000,94851.49000000,94851.50000000,5.15490000,1745993279999999,489053.61994700,1226,0.30040000,28499.88635440,0
1745993280000000,94851.49000000,94869.57000000,94840.62000000,94869.57000000,3.87954000,1745993339999999,367961.76466650,1436,2.66217000,252498.95795610,0
1745993340000000,94869.57000000,94876.12000000,94869.56000000,94874.50000000,3.40305000,1745993399999999,322858.92353170,598,2.83338000,268811.50780460,0
1745993400000000,94874.50000000,94874.50000000,94849.87000000,94869.57000000,3.98128000,1745993459999999,377686.46042580,1438,1.43093000,135730.31322520,0
1745993460000000,94869.56000000,94895.50000000,94869.56000000,94884.06000000,3.64557000,1745993519999999,345911.89175910,1067,1.34861000,127955.97097550,0
1745993520000000,94884.06000000,94899.00000000,94884.05000000,94898.99000000,2.32305000,1745993579999999,220427.91886170,531,2.00116000,189883.83982000,0
1745993580000000,94898.99000000,94899.00000000,94898.99000000,94898.99000000,2.12210000,1745993639999999,201385.16111950,273,1.44405000,137038.90095000,0
1745993640000000,94899.00000000,94909.09000000,94898.99000000,94909.08000000,2.19287000,1745993699999999,208102.87948260,630,1.89793000,180113.29267000,0
1745993700000000,94909.09000000,94940.00000000,94909.09000000,94940.00000000,1.83094000,1745993759999999,173794.93518910,1042,1.38682000,131639.60033590,0
1745993760000000,94940.00000000,94970.31000000,94939.99000000,94949.73000000,9.23677000,1745993819999999,877137.59705050,1759,2.90204000,275563.07620580,0
1745993820000000,94949.73000000,94964.00000000,94869.67000000,94869.67000000,24.83454000,1745993879999999,2357765.59336730,2406,1.64420000,156109.14885990,0
1745993880000000,94869.68000000,94903.47000000,94869.67000000,94903.47000000,5.90516000,1745993939999999,560309.48710000,1184,5.21270000,494600.64019040,0
1745993940000000,94903.46000000,94907.43000000,94903.46000000,94907.43000000,2.60141000,1745993999999999,246892.03530910,306,0.89582000,85019.20167130,0
1745994000000000,94907.42000000,94907.43000000,94869.57000000,94869.57000000,4.13397000,1745994059999999,392319.13008630,1323,1.32549000,125797.36555200,0
1745994060000000,94869.57000000,94873.36000000,94869.57000000,94873.35000000,1.31178000,1745994119999999,124449.56044410,367,0.93808000,88995.67066770,0
1745994120000000,94873.35000000,94907.39000000,94873.35000000,94907.39000000,2.36066000,1745994179999999,224000.43203260,965,1.81361000,172088.20589980,0
1745994180000000,94907.38000000,94907.95000000,94907.38000000,94907.95000000,1.47466000,1745994239999999,139956.85259380,246,0.41097000,39004.23332080,0
1745994240000000,94907.94000000,94907.95000000,94882.95000000,94882.96000000,1.51630000,1745994299999999,143897.09426540,871,0.25867000,24546.94575910,0
1745994300000000,94882.95000000,94912.98000000,94879.98000000,94907.40000000,17.12873000,1745994359999999,1625400.41958250,1241,2.78527000,264289.99061690,0
1745994360000000,94907.40000000,94907.40000000,94894.57000000,94897.53000000,10.89343000,1745994419999999,1033786.91420640,946,1.18188000,112156.83558160,0
1745994420000000,94897.54000000,94944.32000000,94897.53000000,94944.31000000,5.13334000,1745994479999999,487233.50611620,1365,4.84444000,459808.42063410,0
1745994480000000,94944.32000000,94952.39000000,94920.35000000,94938.75000000,44.68308000,1745994539999999,4242037.34783660,1128,3.53062000,335197.21256450,0
1745994540000000,94938.75000000,94951.50000000,94938.74000000,94951.50000000,1.63897000,1745994599999999,155620.88238740,335,0.45517000,43217.68245540,0
1745994600000000,94951.50000000,94951.50000000,94943.87000000,94946.93000000,4.47632000,1745994659999999,425024.68680260,419,1.06852000,101453.00675880,0
1745994660000000,94946.93000000,94946.93000000,94941.43000000,94941.43000000,1.14830000,1745994719999999,109024.98062590,381,0.57738000,54818.66320680,0
1745994720000000,94941.44000000,94941.44000000,94900.44000000,94900.45000000,6.68322000,1745994779999999,634424.22953810,1081,3.34554000,317583.06162480,0
1745994780000000,94900.44000000,94900.45000000,94900.22000000,94900.23000000,1.65106000,1745994839999999,156685.98700860,260,0.93332000,88572.28362720,0
1745994840000000,94900.23000000,94900.23000000,94864.82000000,94864.83000000,9.10648000,1745994899999999,864061.36145960,1304,0.73149000,69407.40184000,0
1745994900000000,94864.83000000,94864.83000000,94847.26000000,94847.26000000,5.53370000,1745994959999999,524885.90293640,810,1.78442000,169250.60757430,0
1745994960000000,94847.27000000,94847.27000000,94834.35000000,94834.36000000,1.95586000,1745995019999999,185503.31386090,796,0.30726000,29142.34469140,0
1745995020000000,94834.36000000,94834.36000000,94826.08000000,94826.09000000,3.09258000,1745995079999999,293274.23201250,638,1.96623000,186461.80346390,0
1745995080000000,94826.09000000,94826.09000000,94809.52000000,94809.52000000,3.57973000,1745995139999999,339427.45212680,872,0.75535000,71618.44185150,0
1745995140000000,94809.53000000,94809.53000000,94809.52000000,94809.53000000,1.40531000,1745995199999999,133236.77317640,182,0.66252000,62813.20981560,0
1745995200000000,94809.52000000,94844.21000000,94809.52000000,94844.21000000,4.81966000,1745995259999999,456989.98912130,749,3.96325000,375780.99337850,0
1745995260000000,94844.21000000,94844.21000000,94818.83000000,94818.84000000,2.12625000,1745995319999999,201644.28993050,940,0.48542000,46034.45659920,0
1745995320000000,94818.83000000,94818.84000000,94776.81000000,94776.82000000,12.82383000,1745995379999999,1215635.97925020,1168,0.72330000,68559.60897840,0
1745995380000000,94776.82000000,94776.82000000,94773.82000000,94773.83000000,1.95189000,1745995439999999,184992.74206550,439,0.40276000,38171.66896390,0
1745995440000000,94773.83000000,94773.83000000,94773.82000000,94773.83000000,0.99265000,1745995499999999,94077.23668450,229,0.42615000,40387.86765450,0
1745995500000000,94773.83000000,94787.69000000,94771.84000000,94771.84000000,6.24727000,1745995559999999,592118.09131870,1170,4.29853000,407414.29383790,0
1745995560000000,94771.85000000,94771.85000000,94771.84000000,94771.84000000,1.82454000,1745995619999999,172915.02295900,202,1.00054000,94823.02679900,0
1745995620000000,94771.84000000,94771.85000000,94761.90000000,94761.91000000,2.18390000,1745995679999999,206960.64305460,583,1.00827000,95548.74130220,0
1745995680000000,94761.91000000,94788.90000000,94761.90000000,94788.90000000,2.66710000,1745995739999999,252770.52847270,872,2.19995000,208499.19353920,0
1745995740000000,94788.89000000,94818.84000000,94788.89000000,94818.83000000,4.54968000,1745995799999999,431357.43159040,732,1.48964000,141218.86212430,0
1745995800000000,94818.84000000,94819.28000000,94818.83000000,94819.27000000,0.67141000,1745995859999999,63662.44881890,207,0.33399000,31668.57815870,0
1745995860000000,94819.28000000,94819.28000000,94799.75000000,94799.80000000,2.83989000,1745995919999999,269249.98892510,951,0.71317000,67609.81535660,0
1745995920000000,94799.80000000,94811.50000000,94799.79000000,94811.50000000,2.42912000,1745995979999999,230301.74430650,563,1.13538000,107642.27935040,0
1745995980000000,94811.50000000,94811.53000000,94811.49000000,94811.52000000,3.44123000,1745996039999999,326268.21903190,247,1.06509000,100982.78961210,0
1745996040000000,94811.53000000,94811.53000000,94811.52000000,94811.53000000,0.81755000,1745996099999999,77513.16063530,245,0.24593000,23316.99957290,0
1745996100000000,94811.53000000,94811.53000000,94773.83000000,94773.83000000,6.35094000,1745996159999999,602058.43738840,1550,1.80173000,170800.59569850,0
1745996160000000,94773.84000000,94773.84000000,94773.83000000,94773.83000000,2.07346000,1745996219999999,196509.75065940,289,0.51076000,48406.68651840,0
1745996220000000,94773.84000000,94773.84000000,94745.40000000,94751.99000000,5.86945000,1745996279999999,556218.11372780,769,0.92940000,88068.48188730,0
1745996280000000,94751.99000000,94752.00000000,94751.99000000,94751.99000000,4.76981000,1745996339999999,451949.00638790,292,1.69660000,160756.24320000,0
1745996340000000,94751.99000000,94752.00000000,94751.99000000,94751.99000000,1.43887000,1745996399999999,136335.80128220,238,0.54309000,51458.86368000,0
1745996400000000,94752.00000000,94776.71000000,94751.99000000,94776.70000000,5.93984000,1745996459999999,562907.87280060,1160,3.17088000,300482.23024160,0
1745996460000000,94776.71000000,94839.49000000,94776.70000000,94839.49000000,16.52736000,1745996519999999,1566872.74766230,1480,7.63915000,724249.89003180,0
1745996520000000,94839.49000000,94839.49000000,94802.17000000,94802.17000000,9.23964000,1745996579999999,876194.94871020,1085,0.38216000,36237.92151420,0
1745996580000000,94802.17000000,94804.50000000,94789.20000000,94789.21000000,4.52886000,1745996639999999,429339.27790800,770,0.72056000,68308.49172260,0
1745996640000000,94789.20000000,94801.20000000,94789.20000000,94794.61000000,8.70458000,1745996699999999,825182.46924590,484,1.24816000,118317.51038150,0
1745996700000000,94794.61000000,94794.62000000,94784.19000000,94784.20000000,1.40554000,1745996759999999,133229.91521400,559,0.51873000,49169.16508640,0
1745996760000000,94784.20000000,94801.19000000,94784.19000000,94784.19000000,17.74544000,1745996819999999,1682177.61250170,878,2.92664000,277411.74047940,0
1745996820000000,94784.20000000,94784.20000000,94762.29000000,94762.29000000,4.33901000,1745996879999999,411229.11390610,857,0.97916000,92800.32537620,0
1745996880000000,94762.29000000,94762.30000000,94733.55000000,94733.55000000,14.02047000,1745996939999999,1328358.85940250,1228,3.63350000,344220.63970990,0
1745996940000000,94733.55000000,94743.88000000,94733.55000000,94743.88000000,5.45764000,1745996999999999,517030.64300060,685,1.52301000,144284.54189690,0
1745997000000000,94743.87000000,94747.00000000,94743.87000000,94746.99000000,1.97255000,1745997059999999,186887.58730930,528,1.34879000,127789.85490130,0
1745997060000000,94747.00000000,94767.15000000,94746.99000000,94757.79000000,3.45666000,1745997119999999,327565.44069740,1317,1.52203000,144229.53179260,0
1745997120000000,94757.79000000,94766.00000000,94757.79000000,94765.99000000,2.65688000,1745997179999999,251776.97704990,327,1.06519000,100939.14975680,0
1745997180000000,94766.00000000,94784.21000000,94765.99000000,94784.21000000,2.79743000,1745997239999999,265129.40572050,420,1.83329000,173750.97784790,0
1745997240000000,94784.21000000,94809.53000000,94784.20000000,94809.53000000,3.09711000,1745997299999999,293602.71197560,525,2.66894000,253010.83160430,0
1745997300000000,94809.53000000,94843.00000000,94809.52000000,94835.81000000,5.58935000,1745997359999999,530041.13834360,657,3.57910000,339396.77312150,0
1745997360000000,94835.80000000,94846.23000000,94835.80000000,94846.23000000,6.49211000,1745997419999999,615711.93217200,297,2.95156000,279937.39459250,0
1745997420000000,94846.22000000,94857.15000000,94846.22000000,94857.15000000,7.57235000,1745997479999999,718268.30263350,297,6.83856000,648663.39347870,0
1745997480000000,94857.14000000,94866.98000000,94841.88000000,94866.98000000,6.64015000,1745997539999999,629867.10138530,719,3.52435000,334317.29089010,0
1745997540000000,94867.02000000,94869.49000000,94844.36000000,94844.36000000,16.13312000,1745997599999999,1530496.08422940,1163,0.40262000,38193.22274490,0
1745997600000000,94844.37000000,94844.37000000,94834.53000000,94834.54000000,3.48782000,1745997659999999,330793.21201470,447,0.28770000,27284.60678570,0
1745997660000000,94834.54000000,94834.54000000,94803.86000000,94803.86000000,3.47366000,1745997719999999,329392.51465710,1238,0.20099000,19060.54800010,0
1745997720000000,94803.86000000,94803.87000000,94796.39000000,94796.40000000,0.82302000,1745997779999999,78020.97602410,513,0.28738000,27243.19260820,0
1745997780000000,94796.40000000,94796.40000000,94769.80000000,94769.80000000,3.01718000,1745997839999999,285974.02202090,1185,1.29692000,122916.14527410,0
1745997840000000,94769.80000000,94772.00000000,94769.80000000,94772.00000000,2.51235000,1745997899999999,238096.15431040,321,2.09241000,198298.09889380,0
1745997900000000,94771.99000000,94780.90000000,94771.99000000,94780.89000000,2.45638000,1745997959999999,232803.49306180,491,2.19437000,207970.81811510,0
1745997960000000,94780.89000000,94780.90000000,94774.80000000,94774.81000000,2.54659000,1745998019999999,241358.80394700,412,0.45623000,43240.30283120,0
1745998020000000,94774.80000000,94795.45000000,94774.80000000,94795.45000000,3.95520000,1745998079999999,374868.77608690,361,2.39025000,226545.38882320,0
1745998080000000,94795.44000000,94795.45000000,94795.44000000,94795.45000000,1.09979000,1745998139999999,104255.08255900,166,0.56014000,53098.72336300,0
1745998140000000,94795.45000000,94795.45000000,94757.83000000,94757.84000000,9.16600000,1745998199999999,868670.55736760,1557,0.88559000,83927.91806830,0
1745998200000000,94757.83000000,94763.32000000,94739.13000000,94739.14000000,11.25423000,1745998259999999,1066435.84330900,1218,1.92089000,182019.57959360,0
1745998260000000,94739.13000000,94739.14000000,94701.39000000,94701.81000000,21.42279000,1745998319999999,2028998.29690090,1169,1.86487000,176608.33884090,0
1745998320000000,94701.81000000,94709.11000000,94650.00000000,94671.50000000,38.09702000,1745998379999999,3607258.28465390,2155,7.48833000,708968.80387700,0
1745998380000000,94671.50000000,94685.49000000,94656.30000000,94685.48000000,8.01538000,1745998439999999,758781.46061790,1335,2.36025000,223434.74171910,0
1745998440000000,94685.48000000,94695.54000000,94685.48000000,94695.53000000,4.96659000,1745998499999999,470292.30970940,443,0.79847000,75606.95539250,0
1745998500000000,94695.54000000,94695.54000000,94645.17000000,94645.18000000,7.22468000,1745998559999999,683963.72017520,1324,0.38618000,36554.69575740,0
1745998560000000,94645.17000000,94662.00000000,94642.54000000,94646.99000000,19.23195000,1745998619999999,1820357.36250780,1115,3.59935000,340663.26251060,0
1745998620000000,94646.99000000,94652.18000000,94623.54000000,94623.55000000,6.33679000,1745998679999999,599715.05389780,1056,2.18161000,206462.04806770,0
1745998680000000,94623.55000000,94623.55000000,94608.69000000,94614.92000000,5.86585000,1745998739999999,555010.45605680,704,2.59435000,245461.20136390,0
1745998740000000,94614.92000000,94636.50000000,94614.92000000,94636.50000000,4.55604000,1745998799999999,431106.14558970,860,3.35649000,317601.86358480,0
1745998800000000,94636.50000000,94639.99000000,94618.74000000,94618.74000000,4.72070000,1745998859999999,446716.12681250,1121,0.50073000,47382.13647780,0
1745998860000000,94618.75000000,94618.75000000,94618.74000000,94618.75000000,2.82859000,1745998919999999,267637.62842810,288,0.66515000,62935.66156250,0
1745998920000000,94618.74000000,94618.75000000,94588.34000000,94588.35000000,6.06853000,1745998979999999,574097.70797610,2221,1.31081000,124001.91681150,0
1745998980000000,94588.34000000,94588.35000000,94578.34000000,94578.35000000,6.89560000,1745999039999999,652182.92590070,755,1.53103000,144803.90285460,0
1745999040000000,94578.34000000,94578.35000000,94566.77000000,94571.61000000,7.50881000,1745999099999999,710113.55737580,1302,3.79792000,359166.67110540,0
1745999100000000,94571.60000000,94571.61000000,94550.45000000,94554.99000000,7.60358000,1745999159999999,718999.27068680,1118,2.41661000,228505.10458950,0
1745999160000000,94554.99000000,94577.00000000,94542.69000000,94542.70000000,11.45381000,1745999219999999,1083052.54284450,1899,4.14637000,392079.06758330,0
1745999220000000,94542.69000000,94565.22000000,94532.05000000,94532.06000000,8.19852000,1745999279999999,775141.26835530,2159,4.35673000,411911.10968640,0
1745999280000000,94532.05000000,94532.06000000,94507.83000000,94528.00000000,3.60573000,1745999339999999,340807.59436200,2032,1.78720000,168918.50868920,0
1745999340000000,94527.99000000,94563.62000000,94500.00000000,94541.96000000,24.43905000,1745999399999999,2309956.47432740,3933,14.35603000,1356753.98364850,0
1745999400000000,94541.95000000,94541.96000000,94524.04000000,94524.04000000,2.72986000,1745999459999999,258076.09063130,1193,0.97100000,91798.82000140,0
1745999460000000,94524.04000000,94547.95000000,94524.04000000,94547.95000000,5.68454000,1745999519999999,537377.12482940,1323,3.53024000,333718.22687520,0
1745999520000000,94547.94000000,94607.41000000,94547.94000000,94602.63000000,8.59113000,1745999579999999,812570.09454110,2013,5.59567000,529217.99561160,0
1745999580000000,94602.64000000,94618.35000000,94580.27000000,94594.72000000,41.02729000,1745999639999999,3881064.47754160,1394,1.35087000,127802.13803400,0
1745999640000000,94594.72000000,94618.15000000,94594.72000000,94618.14000000,3.37057000,1745999699999999,318863.83232540,848,1.67150000,158131.60245600,0
1745999700000000,94618.15000000,94629.46000000,94618.14000000,94629.46000000,2.51689000,1745999759999999,238163.21680570,643,1.42616000,134948.81624330,0
1745999760000000,94629.45000000,94629.46000000,94619.85000000,94619.85000000,1.96533000,1745999819999999,185969.63118620,431,0.28082000,26571.42834920,0
1745999820000000,94619.86000000,94619.86000000,94619.85000000,94619.86000000,1.06994000,1745999879999999,101237.56974330,179,0.74343000,70343.24251980,0
1745999880000000,94619.85000000,94619.86000000,94586.29000000,94586.30000000,4.48592000,1745999939999999,424384.69195090,1413,0.72201000,68301.26757630,0
1745999940000000,94586.29000000,94628.35000000,94586.29000000,94620.99000000,5.47683000,1745999999999999,518140.55778360,1359,4.46986000,422859.02684710,0
1746000000000000,94620.99000000,94638.43000000,94602.25000000,94638.43000000,11.28072000,1746000059999999,1067368.88415070,1342,9.59143000,907528.28277210,0
1746000060000000,94638.42000000,94651.48000000,94628.89000000,94645.45000000,3.87238000,1746000119999999,366474.78311450,1420,2.68002000,253628.59905450,0
1746000120000000,94645.45000000,94645.45000000,94562.11000000,94572.26000000,19.27183000,1746000179999999,1822982.68440500,2090,1.13185000,107087.84428650,0
1746000180000000,94572.26000000,94583.99000000,94572.25000000,94583.99000000,3.10052000,1746000239999999,293237.40146820,548,2.49775000,236229.79898570,0
1746000240000000,94583.99000000,94585.00000000,94583.98000000,94585.00000000,2.24499000,1746000299999999,212341.03661730,453,1.90922000,180582.29211520,0
1746000300000000,94585.00000000,94585.00000000,94584.99000000,94584.99000000,2.06803000,1746000359999999,195604.61326110,280,1.63914000,155038.05690000,0
1746000360000000,94585.00000000,94617.28000000,94584.99000000,94609.94000000,4.91103000,1746000419999999,464603.87848190,1047,2.49795000,236290.76818860,0
1746000420000000,94609.93000000,94609.94000000,94560.81000000,94560.82000000,7.22975000,1746000479999999,683806.73122230,1962,1.39735000,132155.15994910,0
1746000480000000,94560.81000000,94560.82000000,94556.08000000,94556.09000000,2.74364000,1746000539999999,259437.47882320,485,0.69303000,65532.12678710,0
1746000540000000,94556.08000000,94609.94000000,94556.08000000,94609.93000000,4.41421000,1746000599999999,417472.64595370,1742,2.49898000,236350.95152480,0
1746000600000000,94609.94000000,94645.25000000,94609.93000000,94645.25000000,4.76429000,1746000659999999,450837.35407920,1991,3.41482000,323133.79519780,0
1746000660000000,94645.25000000,94676.04000000,94645.11000000,94676.04000000,12.16238000,1746000719999999,1151207.34703740,1621,4.68844000,443791.52735620,0
1746000720000000,94676.04000000,94695.66000000,94676.03000000,94684.01000000,4.96650000,1746000779999999,470287.20203520,2072,1.43684000,136052.74721670,0
1746000780000000,94684.02000000,94714.29000000,94684.01000000,94714.28000000,5.05838000,1746000839999999,479004.61406640,995,2.57070000,243425.43266560,0
1746000840000000,94714.28000000,94725.11000000,94714.28000000,94725.10000000,7.04138000,1746000899999999,666958.83023140,766,4.88960000,463137.62206550,0
1746000900000000,94725.10000000,94765.29000000,94720.52000000,94765.28000000,15.93211000,1746000959999999,1509328.12030770,2429,9.67278000,916379.15026360,0
1746000960000000,94765.29000000,94809.52000000,94747.53000000,94765.99000000,20.63613000,1746001019999999,1955827.69338880,3981,14.64124000,1387605.90967030,0
1746001020000000,94766.00000000,94766.00000000,94750.68000000,94750.68000000,2.49556000,1746001079999999,236471.73312950,1033,0.85391000,80913.44457000,0
1746001080000000,94750.68000000,94750.68000000,94709.28000000,94725.63000000,9.73118000,1746001139999999,921787.67726870,2811,3.78077000,358134.54381420,0
1746001140000000,94725.62000000,94730.87000000,94705.72000000,94705.72000000,15.78444000,1746001199999999,1495106.75187030,1514,3.39464000,321541.13900170,0
1746001200000000,94705.73000000,94705.73000000,94683.00000000,94684.01000000,9.94718000,1746001259999999,941857.84845410,1692,7.36259000,697123.49844440,0
1746001260000000,94684.01000000,94684.01000000,94671.66000000,94683.99000000,8.74903000,1746001319999999,828365.36102820,1529,2.98003000,282144.70037690,0
1746001320000000,94683.99000000,94695.64000000,94683.99000000,94695.64000000,3.24368000,1746001379999999,307139.58120350,780,2.62945000,248977.85091780,0
1746001380000000,94695.64000000,94695.65000000,94682.60000000,94682.60000000,10.72924000,1746001439999999,1015929.77832170,915,0.67903000,64294.31356190,0
1746001440000000,94682.61000000,94682.61000000,94664.00000000,94664.01000000,3.44455000,1746001499999999,326093.75253030,1007,0.86314000,81711.07332540,0
1746001500000000,94664.00000000,94664.01000000,94631.13000000,94631.14000000,2.52216000,1746001559999999,238729.11658360,1391,0.75028000,71018.27708600,0
1746001560000000,94631.14000000,94631.14000000,94620.96000000,94620.96000000,1.79078000,1746001619999999,169458.95400480,527,0.69547000,65811.11748250,0
1746001620000000,94620.97000000,94620.97000000,94600.00000000,94608.69000000,3.10712000,1746001679999999,293962.14175470,1213,0.69071000,65346.34471280,0
1746001680000000,94608.69000000,94608.70000000,94564.25000000,94564.26000000,4.35094000,1746001739999999,411520.90649600,2117,0.75312000,71235.92292350,0
1746001740000000,94564.25000000,94564.26000000,94527.58000000,94527.59000000,8.27924000,1746001799999999,782787.71414460,1602,1.04471000,98771.59963280,0
1746001800000000,94527.59000000,94597.27000000,94527.58000000,94597.27000000,6.25771000,1746001859999999,591679.38671250,2336,2.71156000,256403.12079570,0
1746001860000000,94597.27000000,94615.02000000,94597.26000000,94615.02000000,3.09699000,1746001919999999,293001.45666520,1056,1.92582000,182195.07737870,0
1746001920000000,94615.01000000,94615.02000000,94581.24000000,94581.24000000,4.51482000,1746001979999999,427095.91390210,1199,0.57508000,54400.10308350,0
1746001980000000,94581.25000000,94581.25000000,94542.64000000,94542.65000000,5.87465000,1746002039999999,555550.94288850,1685,1.19803000,113273.08633260,0
1746002040000000,94542.65000000,94569.22000000,94531.14000000,94569.21000000,5.09875000,1746002099999999,482062.82656630,1599,3.36603000,318246.34758900,0
1746002100000000,94569.22000000,94594.19000000,94569.21000000,94594.19000000,2.54936000,1746002159999999,241114.70961990,926,1.51383000,143171.85379230,0
1746002160000000,94594.19000000,94615.01000000,94592.00000000,94615.00000000,2.98499000,1746002219999999,282385.80929510,1270,1.99644000,188868.46844790,0
1746002220000000,94615.00000000,94615.01000000,94615.00000000,94615.01000000,1.33515000,1746002279999999,126325.22299030,258,0.57403000,54311.85419030,0
1746002280000000,94615.01000000,94636.87000000,94615.00000000,94636.86000000,3.05769000,1746002339999999,289355.16476040,854,1.21048000,114543.16936600,0
1746002340000000,94636.86000000,94636.87000000,94636.86000000,94636.86000000,1.25295000,1746002399999999,118575.25854180,358,0.48048000,45471.12329760,0
1746002400000000,94636.87000000,94649.78000000,94636.86000000,94636.86000000,6.21370000,1746002459999999,588072.47777700,1183,2.08796000,197602.75253290,0
1746002460000000,94636.87000000,94636.87000000,94600.02000000,94600.03000000,1.70910000,1746002519999999,161724.33533000,1254,0.52844000,50004.74119040,0
1746002520000000,94600.02000000,94603.97000000,94600.02000000,94603.96000000,2.42865000,1746002579999999,229756.03914040,422,1.91829000,181474.64416820,0
1746002580000000,94603.96000000,94609.38000000,94603.96000000,94608.69000000,4.41015000,1746002639999999,417230.81141230,491,2.94826000,278923.48812520,0
1746002640000000,94608.70000000,94636.87000000,94608.69000000,94636.86000000,2.69705000,1746002699999999,255189.04840780,1162,2.40820000,227857.95966960,0
1746002700000000,94636.86000000,94650.00000000,94620.00000000,94620.00000000,3.06003000,1746002759999999,289582.94503530,2127,0.75965000,71887.94433370,0
1746002760000000,94620.00000000,94624.35000000,94607.51000000,94607.51000000,3.12177000,1746002819999999,295379.28765090,1425,0.90572000,85696.13115610,0
1746002820000000,94607.52000000,94607.52000000,94605.44000000,94605.45000000,1.48518000,1746002879999999,140506.83444040,418,0.71263000,67418.72907090,0
1746002880000000,94605.44000000,94605.45000000,94595.11000000,94599.70000000,2.03975000,1746002939999999,192960.64901840,855,0.91986000,87017.51009770,0
1746002940000000,94599.70000000,94599.80000000,94599.70000000,94599.79000000,1.93273000,1746002999999999,182835.80855020,524,1.05831000,100115.87445240,0
1746003000000000,94599.79000000,94620.00000000,94599.70000000,94599.70000000,3.45478000,1746003059999999,326840.74848660,1240,1.79256000,169581.75220990,0
1746003060000000,94599.70000000,94666.67000000,94599.70000000,94666.66000000,7.32067000,1746003119999999,692689.93761640,2372,5.27913000,499525.92571960,0
1746003120000000,94666.67000000,94720.01000000,94666.66000000,94720.01000000,5.69693000,1746003179999999,539513.50448870,1757,4.32445000,409522.73999090,0
1746003180000000,94720.01000000,94729.29000000,94720.00000000,94720.25000000,7.70689000,1746003239999999,730050.08934800,1099,1.92513000,182351.04934630,0
1746003240000000,94720.25000000,94720.26000000,94703.77000000,94703.77000000,1.23615000,1746003299999999,117079.79202350,1104,0.19560000,18525.44877960,0
1746003300000000,94703.77000000,94703.78000000,94688.55000000,94688.56000000,1.91945000,1746003359999999,181768.49088050,723,0.39073000,37002.08905390,0
1746003360000000,94688.55000000,94715.90000000,94688.55000000,94715.89000000,10.01306000,1746003419999999,948198.78863810,792,9.54091000,903490.90627430,0
1746003420000000,94715.90000000,94721.64000000,94715.89000000,94721.64000000,2.51906000,1746003479999999,238608.98652540,391,2.28089000,216049.14205010,0
1746003480000000,94721.64000000,94721.64000000,94714.28000000,94714.29000000,1.63738000,1746003539999999,155093.71562660,484,0.34206000,32400.18560640,0
1746003540000000,94714.28000000,94746.42000000,94708.92000000,94718.18000000,10.21093000,1746003599999999,967190.52391040,2270,7.63921000,723570.02294260,0
1746003600000000,94718.19000000,94774.39000000,94707.00000000,94774.39000000,5.27352000,1746003659999999,499589.64298030,2726,3.93209000,372524.50441720,0
1746003660000000,94774.38000000,94780.27000000,94771.10000000,94780.27000000,5.21739000,1746003719999999,494486.01585190,880,4.19241000,397339.88676150,0
1746003720000000,94780.27000000,94786.26000000,94780.26000000,94786.25000000,4.29855000,1746003779999999,407421.83850780,568,2.88183000,273144.13973700,0
1746003780000000,94786.25000000,94792.27000000,94786.25000000,94792.27000000,0.78922000,1746003839999999,74808.44336890,385,0.62649000,59383.44400610,0
1746003840000000,94792.27000000,94792.27000000,94766.52000000,94777.45000000,7.37989000,1746003899999999,699453.39379110,1450,3.44486000,326475.92571670,0
1746003900000000,94777.44000000,94799.60000000,94777.44000000,94799.60000000,1.83724000,1746003959999999,174156.09866550,792,1.37277000,130127.53891350,0
1746003960000000,94799.60000000,94799.60000000,94799.59000000,94799.59000000,1.30342000,1746004019999999,123563.68756700,199,0.59692000,56587.77723200,0
1746004020000000,94799.60000000,94799.60000000,94799.59000000,94799.59000000,1.88015000,1746004079999999,178237.45745210,262,0.83136000,78812.59545600,0
1746004080000000,94799.59000000,94799.70000000,94784.33000000,94784.33000000,8.53333000,1746004139999999,808951.05657300,879,5.82262000,551981.65484260,0
1746004140000000,94784.33000000,94784.34000000,94775.00000000,94782.60000000,7.29876000,1746004199999999,691760.59955130,975,4.11206000,389721.99615690,0
1746004200000000,94782.60000000,94782.61000000,94756.71000000,94758.01000000,20.35595000,1746004259999999,1929211.15504220,1302,0.74176000,70300.25211060,0
1746004260000000,94758.01000000,94758.01000000,94717.20000000,94717.21000000,4.65676000,1746004319999999,441137.77591530,2316,0.25854000,24490.36777240,0
1746004320000000,94717.20000000,94721.04000000,94705.61000000,94715.10000000,5.82390000,1746004379999999,551599.25011500,1139,1.65229000,156494.80864130,0
1746004380000000,94715.10000000,94727.50000000,94715.10000000,94717.24000000,3.79344000,1746004439999999,359322.52092620,860,2.40214000,227530.53517100,0
1746004440000000,94717.23000000,94717.24000000,94705.63000000,94705.63000000,2.52065000,1746004499999999,238747.32605270,759,0.47394000,44889.86718160,0
1746004500000000,94705.64000000,94705.64000000,94688.66000000,94688.66000000,2.86412000,1746004559999999,271231.80775550,730,0.83080000,78671.58427530,0
1746004560000000,94688.67000000,94700.75000000,94685.11000000,94685.12000000,4.20832000,1746004619999999,398503.57979050,1045,2.07906000,196878.26004940,0
1746004620000000,94685.11000000,94685.12000000,94667.69000000,94677.64000000,4.46410000,1746004679999999,422648.74064930,1283,2.12686000,201365.01653030,0
1746004680000000,94677.64000000,94700.00000000,94677.63000000,94700.00000000,2.70533000,1746004739999999,256157.49738940,829,2.04509000,193635.87866780,0
1746004740000000,94699.99000000,94705.63000000,94690.00000000,94705.63000000,3.00010000,1746004799999999,284096.54020170,1029,1.64535000,155807.55114360,0
1746004800000000,94705.63000000,94730.25000000,94705.62000000,94730.24000000,1.91556000,1746004859999999,181445.28008380,1020,1.01059000,95720.81128800,0
1746004860000000,94730.24000000,94732.50000000,94714.91000000,94723.02000000,5.98967000,1746004919999999,567364.48165880,1378,2.35202000,222794.65211350,0
1746004920000000,94723.03000000,94723.03000000,94723.02000000,94723.03000000,1.77337000,1746004979999999,167978.96655460,282,0.45772000,43356.62529160,0
1746004980000000,94723.03000000,94723.03000000,94696.17000000,94696.17000000,10.32794000,1746005039999999,978220.49059750,962,0.56723000,53722.19258270,0
1746005040000000,94696.18000000,94708.98000000,94686.70000000,94708.97000000,3.92908000,1746005099999999,372066.99698210,1464,2.01340000,190654.72878780,0
1746005100000000,94708.97000000,94708.98000000,94708.97000000,94708.97000000,4.30656000,1746005159999999,407869.87220320,314,1.03600000,98118.50328000,0
1746005160000000,94708.97000000,94708.98000000,94693.09000000,94693.09000000,8.04534000,1746005219999999,761923.52640610,727,4.37127000,413976.08765710,0
1746005220000000,94693.10000000,94708.00000000,94693.10000000,94707.99000000,3.21654000,1746005279999999,304625.76138960,691,1.00764000,95426.89859700,0
1746005280000000,94708.00000000,94759.00000000,94707.99000000,94758.99000000,4.92246000,1746005339999999,466336.05149420,1563,3.06299000,290173.60992160,0
1746005340000000,94759.00000000,94776.82000000,94758.99000000,94776.01000000,9.71378000,1746005399999999,920518.07208860,666,8.43385000,799225.65808340,0
1746005400000000,94776.00000000,94815.20000000,94776.00000000,94815.00000000,9.54103000,1746005459999999,904527.63750170,1737,7.23132000,685545.98466530,0
1746005460000000,94814.99000000,94833.02000000,94809.52000000,94809.52000000,5.30196000,1746005519999999,502741.80917380,2004,2.10319000,199432.39330540,0
1746005520000000,94809.52000000,94815.82000000,94809.52000000,94815.82000000,3.00729000,1746005579999999,285119.84710180,413,1.48538000,140828.20176670,0
1746005580000000,94815.82000000,94840.53000000,94815.81000000,94840.53000000,5.10635000,1746005639999999,484259.19410650,1083,4.63732000,439778.04465280,0
1746005640000000,94840.53000000,94848.00000000,94840.52000000,94847.99000000,10.48609000,1746005699999999,994566.03912240,456,9.98821000,947344.02655290,0
1746005700000000,94848.00000000,94848.00000000,94840.52000000,94840.53000000,3.45680000,1746005759999999,327863.16014940,533,0.76428000,72489.04707630,0
1746005760000000,94840.53000000,94845.27000000,94840.52000000,94845.27000000,4.53954000,1746005819999999,430536.65346430,476,3.28451000,311506.95195590,0
1746005820000000,94845.27000000,94913.05000000,94845.26000000,94913.05000000,51.11928000,1746005879999999,4850814.52650390,4144,19.13360000,1815490.33054790,0
1746005880000000,94913.04000000,94913.04000000,94892.92000000,94892.92000000,3.81706000,1746005939999999,362246.11617030,1255,1.66577000,158075.73004430,0
1746005940000000,94892.93000000,94892.93000000,94871.29000000,94892.20000000,7.09756000,1746005999999999,673426.02563160,1554,5.42959000,515155.93592070,0
1746006000000000,94892.19000000,94894.92000000,94892.19000000,94894.91000000,2.13110000,1746006059999999,202228.97090970,400,1.67620000,159061.28644190,0
1746006060000000,94894.92000000,94955.18000000,94894.91000000,94955.17000000,12.82356000,1746006119999999,1217317.75213660,2033,11.32887000,1075413.66888570,0
1746006120000000,94955.17000000,95043.23000000,94946.77000000,94993.29000000,34.37490000,1746006179999999,3265563.52818900,4381,28.24659000,2683355.98411400,0
1746006180000000,94993.29000000,94993.29000000,94980.90000000,94980.90000000,4.44830000,1746006239999999,422517.08765020,916,0.69827000,66323.71148030,0
1746006240000000,94980.90000000,94995.19000000,94962.75000000,94995.18000000,8.17595000,1746006299999999,776501.10433820,1364,5.08433000,482854.21878090,0
1746006300000000,94995.18000000,95017.64000000,94960.00000000,94960.01000000,9.31148000,1746006359999999,884610.92689050,2922,2.53326000,240666.58912680,0
1746006360000000,94960.00000000,94960.00000000,94952.38000000,94952.38000000,2.46323000,1746006419999999,233891.03854120,534,0.60681000,57618.06174630,0
1746006420000000,94952.38000000,94952.39000000,94941.29000000,94941.29000000,2.23173000,1746006479999999,211895.28613330,830,0.61140000,58048.95702110,0
1746006480000000,94941.29000000,94941.30000000,94933.43000000,94935.02000000,3.84087000,1746006539999999,364637.68546040,1005,1.58713000,150673.14494280,0
1746006540000000,94935.02000000,94935.03000000,94920.71000000,94920.72000000,3.79055000,1746006599999999,359816.61502110,860,0.73147000,69434.21059600,0
1746006600000000,94920.72000000,94920.72000000,94920.71000000,94920.72000000,0.95205000,1746006659999999,90369.26533190,252,0.33764000,32049.03190080,0
1746006660000000,94920.71000000,94920.72000000,94915.85000000,94915.85000000,1.64645000,1746006719999999,156277.11085740,609,0.25387000,24096.38643240,0
1746006720000000,94915.85000000,94915.85000000,94914.98000000,94914.98000000,9.50626000,1746006779999999,902292.10029490,627,1.15909000,110015.42131590,0
1746006780000000,94914.98000000,94914.99000000,94914.98000000,94914.99000000,2.07513000,1746006839999999,196960.92751030,242,0.50629000,48054.51028710,0
1746006840000000,94914.99000000,94965.19000000,94914.99000000,94957.82000000,19.58690000,1746006899999999,1859315.08575370,1426,17.29585000,1641751.00033940,0
1746006900000000,94957.83000000,95000.00000000,94957.82000000,94974.20000000,6.26666000,1746006959999999,595246.91196190,2257,2.06864000,196488.53341150,0
1746006960000000,94974.19000000,94974.20000000,94974.19000000,94974.20000000,3.41971000,1746007019999999,324784.19064050,252,0.33556000,31869.54255200,0
1746007020000000,94974.20000000,94974.20000000,94952.38000000,94952.39000000,3.17493000,1746007079999999,301510.95277630,622,0.55507000,52709.92632280,0
1746007080000000,94952.39000000,94974.16000000,94952.38000000,94974.15000000,2.44363000,1746007139999999,232053.44544060,843,1.72489000,163797.32593800,0
1746007140000000,94974.16000000,94974.16000000,94970.00000000,94970.01000000,3.27355000,1746007199999999,310902.44493790,546,0.79416000,75424.62188460,0
1746007200000000,94970.01000000,94988.45000000,94938.74000000,94938.74000000,12.64616000,1746007259999999,1200927.43418870,2483,5.51604000,523857.99626570,0
1746007260000000,94938.75000000,94938.75000000,94883.13000000,94883.14000000,12.30258000,1746007319999999,1167684.43135790,1657,0.70257000,66682.82584110,0
1746007320000000,94883.14000000,94883.14000000,94858.60000000,94881.42000000,6.45218000,1746007379999999,612125.99564170,1850,1.61776000,153475.26008190,0
1746007380000000,94881.43000000,94905.72000000,94881.42000000,94882.96000000,40.04914000,1746007439999999,3800386.99718400,1540,35.90630000,3407270.56797550,0
1746007440000000,94882.95000000,94888.50000000,94878.00000000,94888.50000000,2.62374000,1746007499999999,248947.62147700,712,1.30714000,124020.65925550,0
1746007500000000,94888.50000000,94912.98000000,94867.50000000,94867.51000000,11.41931000,1746007559999999,1083545.22824860,2405,2.51191000,238329.59475590,0
1746007560000000,94867.51000000,94881.35000000,94852.67000000,94881.34000000,5.92195000,1746007619999999,561802.00580200,1256,2.41529000,229121.66918430,0
1746007620000000,94881.34000000,94902.50000000,94881.34000000,94899.10000000,1.82631000,1746007679999999,173311.28746940,762,0.49015000,46513.05553680,0
1746007680000000,94899.10000000,94899.11000000,94880.02000000,94880.02000000,4.23599000,1746007739999999,401954.87655530,1104,0.76364000,72462.18564450,0
1746007740000000,94880.02000000,94885.27000000,94880.02000000,94885.26000000,2.62390000,1746007799999999,248960.51021640,814,1.62468000,154150.84152480,0
1746007800000000,94885.26000000,94885.27000000,94885.26000000,94885.27000000,1.12647000,1746007859999999,106885.40210570,305,0.32735000,31060.69313450,0
1746007860000000,94885.27000000,94892.17000000,94885.26000000,94892.16000000,1.84933000,1746007919999999,175477.34256920,403,0.40718000,38635.92502260,0
1746007920000000,94892.17000000,94900.00000000,94885.63000000,94899.99000000,4.35753000,1746007979999999,413500.94529370,814,1.04202000,98879.85490010,0
1746007980000000,94900.00000000,94900.00000000,94899.99000000,94900.00000000,1.45497000,1746008039999999,138076.64959210,163,1.11418000,105735.68200000,0
1746008040000000,94900.00000000,94938.74000000,94899.99000000,94938.73000000,3.57871000,1746008099999999,339667.89982690,851,3.18176000,301986.95117800,0
1746008100000000,94938.74000000,94945.81000000,94938.73000000,94945.81000000,1.36050000,1746008159999999,129166.63016120,356,1.14262000,108480.47336550,0
1746008160000000,94945.81000000,94945.81000000,94922.29000000,94922.29000000,4.22068000,1746008219999999,400703.68232380,1210,0.91318000,86688.58077130,0
1746008220000000,94922.29000000,94922.30000000,94922.29000000,94922.30000000,0.95805000,1746008279999999,90940.30440830,169,0.44738000,42466.33857400,0
1746008280000000,94922.30000000,94922.30000000,94875.52000000,94875.52000000,3.77049000,1746008339999999,357829.92577050,1445,0.24168000,22932.37420450,0
1746008340000000,94875.52000000,94875.53000000,94875.52000000,94875.53000000,0.32579000,1746008399999999,30909.49779180,230,0.21310000,20217.97544300,0
1746008400000000,94875.52000000,94883.96000000,94875.52000000,94880.61000000,5.29932000,1746008459999999,502817.18721930,504,0.52128000,49458.38954280,0
1746008460000000,94880.62000000,94888.50000000,94880.61000000,94888.49000000,1.59024000,1746008519999999,150893.32276570,360,0.44907000,42609.72115680,0
1746008520000000,94888.50000000,94896.00000000,94888.49000000,94896.00000000,1.27044000,1746008579999999,120559.41678670,410,0.93772000,88985.62861890,0
1746008580000000,94896.00000000,94896.00000000,94884.92000000,94884.93000000,4.09936000,1746008639999999,388993.49687730,577,1.79541000,170359.51051630,0
1746008640000000,94884.93000000,94892.00000000,94884.92000000,94891.99000000,2.30455000,1746008699999999,218668.04987040,372,1.86914000,177353.72298240,0
1746008700000000,94892.00000000,94895.50000000,94892.00000000,94895.49000000,1.28262000,1746008759999999,121713.65543000,285,0.66283000,62898.37968290,0
1746008760000000,94895.50000000,94903.90000000,94886.11000000,94902.74000000,3.06403000,1746008819999999,290762.00265370,1071,1.76766000,167742.47886060,0
1746008820000000,94902.75000000,94911.53000000,94902.74000000,94911.53000000,0.81324000,1746008879999999,77181.31054820,288,0.74035000,70263.50556580,0
1746008880000000,94911.52000000,94911.53000000,94911.52000000,94911.53000000,0.70412000,1746008939999999,66829.10387270,221,0.44103000,41858.83207590,0
1746008940000000,94911.52000000,94919.18000000,94911.52000000,94919.17000000,0.87195000,1746008999999999,82759.92765660,341,0.52509000,49838.00235390,0
1746009000000000,94919.18000000,94946.96000000,94900.00000000,94900.01000000,5.03780000,1746009059999999,478218.72230240,2240,0.85090000,80772.54594570,0
1746009060000000,94900.00000000,94900.01000000,94884.00000000,94884.01000000,7.18495000,1746009119999999,681751.67166160,1182,5.61428000,532710.47078790,0
1746009120000000,94884.01000000,94896.82000000,94884.00000000,94896.82000000,1.39727000,1746009179999999,132588.64916430,484,1.04095000,98775.14425980,0
1746009180000000,94896.81000000,94896.82000000,94891.58000000,94891.59000000,4.18101000,1746009239999999,396758.16131100,473,0.40592000,38518.56947010,0
1746009240000000,94891.59000000,94900.97000000,94889.12000000,94889.12000000,2.88235000,1746009299999999,273523.93229730,1227,0.93755000,88967.81327600,0
1746009300000000,94889.12000000,94890.00000000,94884.00000000,94890.00000000,2.16839000,1746009359999999,205751.25284050,766,1.17395000,111391.53365780,0
1746009360000000,94889.99000000,94935.03000000,94889.99000000,94935.02000000,3.23579000,1746009419999999,307100.81456300,1012,2.71339000,257511.34969060,0
1746009420000000,94935.02000000,94952.39000000,94935.02000000,94952.38000000,1.65053000,1746009479999999,156702.87981410,769,1.37572000,130610.78420630,0
1746009480000000,94952.39000000,94979.24000000,94952.38000000,94979.23000000,3.16203000,1746009539999999,300307.75111800,777,1.32740000,126059.47166870,0
1746009540000000,94979.23000000,94979.24000000,94979.23000000,94979.24000000,5.93074000,1746009599999999,563297.16567530,358,4.71451000,447780.57677240,0
1746009600000000,94979.23000000,94979.24000000,94968.61000000,94968.62000000,3.91526000,1746009659999999,371850.10806060,498,1.09797000,104273.19176160,0
1746009660000000,94968.61000000,94968.62000000,94953.74000000,94953.75000000,1.56423000,1746009719999999,148549.31257830,501,0.58807000,55846.35055600,0
1746009720000000,94953.74000000,94964.54000000,94953.74000000,94964.54000000,3.95826000,1746009779999999,375887.81165070,681,2.58591000,245564.84976870,0
1746009780000000,94964.53000000,94972.00000000,94964.53000000,94972.00000000,1.37468000,1746009839999999,130552.96031640,351,0.81401000,77305.49488330,0
1746009840000000,94972.00000000,94972.00000000,94971.99000000,94971.99000000,0.73190000,1746009899999999,69510.00353350,211,0.40525000,38487.40300000,0
1746009900000000,94972.00000000,94972.00000000,94960.72000000,94960.73000000,5.19409000,1746009959999999,493284.36136080,762,0.26900000,25546.26605950,0
1746009960000000,94960.73000000,94960.73000000,94927.11000000,94927.12000000,8.88537000,1746010019999999,843526.34647240,1500,1.51588000,143934.89396480,0
1746010020000000,94927.11000000,94938.06000000,94925.69000000,94925.70000000,13.21814000,1746010079999999,1254831.65293170,963,1.77398000,168400.51076030,0
1746010080000000,94925.69000000,94969.56000000,94924.59000000,94969.56000000,6.27608000,1746010139999999,595810.21257400,1919,2.99629000,284469.77215430,0
1746010140000000,94969.56000000,94979.43000000,94969.56000000,94979.43000000,3.14285000,1746010199999999,298502.83830960,1146,1.14154000,108419.58320270,0
1746010200000000,94979.42000000,94979.43000000,94977.87000000,94977.87000000,2.83121000,1746010259999999,268905.86602550,438,0.75454000,71665.72121970,0
1746010260000000,94977.87000000,94992.94000000,94977.87000000,94992.94000000,2.60648000,1746010319999999,247575.30180360,618,1.54453000,146706.89085570,0
1746010320000000,94992.94000000,94992.94000000,94992.93000000,94992.94000000,0.89442000,1746010379999999,84963.57970380,170,0.32532000,30903.10324080,0
1746010380000000,94992.94000000,94992.94000000,94983.47000000,94983.47000000,2.71083000,1746010439999999,257501.31679470,513,0.63324000,60148.10995980,0
1746010440000000,94983.47000000,95010.01000000,94983.47000000,95010.01000000,21.89566000,1746010499999999,2080187.69335020,949,21.30233000,2023818.63245980,0
1746010500000000,95010.01000000,95022.49000000,95010.00000000,95013.41000000,6.47451000,1746010559999999,615163.47294880,881,3.97391000,377574.64467830,0
1746010560000000,95013.42000000,95013.42000000,94909.87000000,94926.99000000,38.90132000,1746010619999999,3693078.81957600,2862,4.16127000,395019.52639760,0
1746010620000000,94927.00000000,94927.00000000,94908.00000000,94908.00000000,5.63958000,1746010679999999,535301.76089660,619,0.47803000,45376.33085430,0
1746010680000000,94908.01000000,94927.00000000,94908.01000000,94926.00000000,3.91472000,1746010739999999,371577.40155060,950,1.21869000,115673.97781090,0
1746010740000000,94925.99000000,94946.53000000,94925.99000000,94946.52000000,1.56651000,1746010799999999,148715.92253210,506,0.89879000,85326.10974240,0
1746010800000000,94946.52000000,94956.53000000,94946.52000000,94956.52000000,1.25948000,1746010859999999,119591.65450640,695,0.82551000,78384.02238450,0
1746010860000000,94956.52000000,94956.53000000,94956.52000000,94956.53000000,1.30652000,1746010919999999,124062.59886530,260,0.63549000,60343.92524970,0
1746010920000000,94956.53000000,94980.00000000,94956.52000000,94971.48000000,1.80232000,1746010979999999,171166.16860910,865,1.17739000,111813.51467590,0
1746010980000000,94971.49000000,94971.49000000,94971.48000000,94971.49000000,0.63678000,1746011039999999,60475.94216370,293,0.31293000,29719.42836570,0
1746011040000000,94971.48000000,94971.49000000,94963.17000000,94963.17000000,3.61017000,1746011099999999,342855.06881930,998,0.37976000,36065.07947570,0
1746011100000000,94963.17000000,94963.18000000,94948.82000000,94948.82000000,2.77056000,1746011159999999,263090.06674940,753,0.32729000,31076.79308040,0
1746011160000000,94948.83000000,94962.00000000,94948.82000000,94961.72000000,2.74653000,1746011219999999,260807.40111990,684,1.19071000,113064.13968730,0
1746011220000000,94961.72000000,94961.72000000,94952.38000000,94961.72000000,1.40871000,1746011279999999,133768.59839210,807,0.49473000,46977.43788890,0
1746011280000000,94961.71000000,94971.33000000,94952.43000000,94952.44000000,3.74170000,1746011339999999,355313.16930950,930,1.26113000,119757.70575500,0
1746011340000000,94952.43000000,94985.56000000,94952.43000000,94985.56000000,2.87472000,1746011399999999,273012.35624190,722,2.26119000,214746.22512460,0
1746011400000000,94985.55000000,94990.31000000,94985.55000000,94985.55000000,1.77178000,1746011459999999,168295.33201120,491,0.86359000,82028.79614520,0
1746011460000000,94985.56000000,94985.56000000,94985.55000000,94985.55000000,0.92715000,1746011519999999,88065.85924580,255,0.65633000,62341.87259480,0
1746011520000000,94985.55000000,94985.56000000,94985.54000000,94985.55000000,2.29878000,1746011579999999,218350.87862070,575,1.32732000,126076.22079340,0
1746011580000000,94985.54000000,94985.55000000,94972.10000000,94972.10000000,1.75175000,1746011639999999,166374.58885610,749,0.19525000,18543.56220030,0
1746011640000000,94972.10000000,94985.56000000,94972.10000000,94985.55000000,1.91898000,1746011699999999,182269.55094180,553,1.05259000,99975.17148610,0
1746011700000000,94985.55000000,94985.56000000,94935.34000000,94935.34000000,5.20180000,1746011759999999,494041.87514090,1635,0.21320000,20248.10803050,0
1746011760000000,94935.34000000,94955.74000000,94928.44000000,94955.73000000,4.32887000,1746011819999999,410982.74401600,1102,2.44541000,232169.65804610,0
1746011820000000,94955.74000000,95015.01000000,94955.73000000,95009.73000000,6.95376000,1746011879999999,660602.29457320,2286,4.22485000,401330.42951050,0
1746011880000000,95009.73000000,95009.73000000,95005.31000000,95005.31000000,2.45289000,1746011939999999,233043.25960210,365,1.02492000,97375.46871870,0
1746011940000000,95005.31000000,95005.32000000,94991.05000000,94996.58000000,4.20888000,1746011999999999,399843.78722350,1077,1.24276000,118057.58069070,0
1746012000000000,94996.58000000,95059.46000000,94996.58000000,95040.00000000,41.51810000,1746012059999999,3945999.71253520,1811,36.64406000,3482738.26268150,0
1746012060000000,95040.00000000,95040.01000000,95002.23000000,95002.35000000,8.85110000,1746012119999999,841007.16468120,1146,0.91374000,86815.09400410,0
1746012120000000,95002.35000000,95021.51000000,95002.35000000,95021.51000000,3.99008000,1746012179999999,379108.98462850,930,3.11299000,295771.21430240,0
1746012180000000,95021.51000000,95022.32000000,95021.50000000,95022.31000000,1.44912000,1746012239999999,137698.12354380,342,0.60363000,57357.98683950,0
1746012240000000,95022.32000000,95022.33000000,95022.31000000,95022.32000000,6.10732000,1746012299999999,580331.71774230,356,5.31173000,504732.91113010,0
1746012300000000,95022.32000000,95033.56000000,95022.32000000,95026.98000000,10.03578000,1746012359999999,953639.57501520,846,8.38288000,796566.12993170,0
1746012360000000,95026.97000000,95069.54000000,95026.97000000,95069.05000000,27.19791000,1746012419999999,2585037.25368600,1814,22.61494000,2149386.74305310,0
1746012420000000,95069.05000000,95114.47000000,95068.01000000,95106.00000000,35.26729000,1746012479999999,3353527.12705380,2426,31.58591000,3003418.55110050,0
1746012480000000,95105.99000000,95122.00000000,95105.99000000,95118.16000000,10.60551000,1746012539999999,1008770.09069200,917,8.38330000,797397.10758720,0
1746012540000000,95118.16000000,95118.17000000,95114.22000000,95114.22000000,4.08273000,1746012599999999,388341.52201390,593,1.43795000,136775.14103150,0
1746012600000000,95114.22000000,95114.23000000,95099.00000000,95099.00000000,4.57341000,1746012659999999,434943.79137050,941,0.96256000,91539.47638620,0
1746012660000000,95099.00000000,95103.20000000,95095.23000000,95095.24000000,4.56145000,1746012719999999,433790.82067880,689,3.00372000,285651.12878390,0
1746012720000000,95095.23000000,95114.11000000,95095.23000000,95114.10000000,13.42088000,1746012779999999,1276329.60089250,654,12.96377000,1232859.21421020,0
1746012780000000,95114.11000000,95119.08000000,95109.58000000,95119.07000000,16.16135000,1746012839999999,1537169.19779180,620,11.86483000,1128508.23646290,0
1746012840000000,95119.08000000,95123.02000000,95116.20000000,95117.29000000,9.21614000,1746012899999999,876655.05277270,749,2.98109000,283565.78934710,0
1746012900000000,95117.29000000,95117.29000000,95100.69000000,95105.39000000,13.09008000,1746012959999999,1244916.69939360,1356,2.38419000,226745.85183020,0
1746012960000000,95105.40000000,95105.40000000,95097.36000000,95097.36000000,7.33907000,1746013019999999,697976.23002790,638,0.70756000,67292.19416720,0
1746013020000000,95097.36000000,95100.00000000,95085.82000000,95100.00000000,8.69692000,1746013079999999,827022.28471770,1095,4.06322000,386378.96928000,0
1746013080000000,95099.99000000,95142.85000000,95099.99000000,95142.84000000,6.56940000,1746013139999999,624923.94734720,1451,4.89233000,465368.47611990,0
1746013140000000,95142.85000000,95142.85000000,95121.32000000,95121.32000000,3.67202000,1746013199999999,349335.39260370,1406,0.48238000,45890.15536320,0
1746013200000000,95121.32000000,95129.61000000,95117.39000000,95129.60000000,8.70746000,1746013259999999,828284.36970320,910,6.55034000,623097.27172820,0
1746013260000000,95129.60000000,95175.00000000,95129.60000000,95175.00000000,15.25882000,1746013319999999,1452007.42875980,1580,13.56009000,1290350.37451560,0
1746013320000000,95174.99000000,95217.40000000,95111.55000000,95111.55000000,66.75563000,1746013379999999,6354654.17854240,5327,50.03165000,4762713.12391950,0
1746013380000000,95111.55000000,95111.56000000,95095.23000000,95095.24000000,4.35074000,1746013439999999,413776.15233060,1083,0.76875000,73109.21392870,0
1746013440000000,95095.23000000,95095.24000000,95089.46000000,95095.22000000,2.27632000,1746013499999999,216458.80358100,653,1.15657000,109978.90138110,0
1746013500000000,95095.22000000,95095.23000000,95055.05000000,95066.04000000,4.40357000,1746013559999999,418659.72820240,2199,1.58561000,150737.90319300,0
1746013560000000,95066.03000000,95066.04000000,95039.66000000,95039.67000000,11.69651000,1746013619999999,1111746.51860840,878,0.28827000,27403.25202780,0
1746013620000000,95039.66000000,95045.80000000,95039.66000000,95045.80000000,2.52542000,1746013679999999,240021.13763160,377,1.05405000,100179.63846980,0
1746013680000000,95045.79000000,95045.80000000,95045.78000000,95045.79000000,4.10399000,1746013739999999,390066.95761270,501,1.66126000,157895.77012760,0
1746013740000000,95045.78000000,95075.71000000,95045.78000000,95075.71000000,5.62750000,1746013799999999,534907.98737780,898,5.17099000,491515.18250840,0
1746013800000000,95075.70000000,95121.13000000,95075.70000000,95121.12000000,21.53625000,1746013859999999,2048114.45350670,1719,16.29466000,1549557.52489020,0
1746013860000000,95121.12000000,95147.64000000,95121.12000000,95147.54000000,13.11677000,1746013919999999,1247895.23278510,633,11.24174000,1069540.27541200,0
1746013920000000,95147.53000000,95185.51000000,95147.53000000,95176.97000000,12.23413000,1746013979999999,1164245.78204530,1405,7.60385000,723544.10387030,0
1746013980000000,95176.97000000,95208.10000000,95164.56000000,95166.75000000,23.21584000,1746014039999999,2209785.10650930,2797,12.45921000,1185870.20005440,0
1746014040000000,95166.75000000,95166.76000000,95135.35000000,95135.36000000,10.98151000,1746014099999999,1044854.24651210,1064,3.16414000,301025.53721800,0
1746014100000000,95135.35000000,95228.45000000,95135.35000000,95195.95000000,56.30747000,1746014159999999,5359919.74945490,3533,45.66513000,4346721.35905290,0
1746014160000000,95195.95000000,95196.00000000,95190.00000000,95191.00000000,17.32072000,1746014219999999,1648786.18787180,959,13.89363000,1322548.73802660,0
1746014220000000,95191.01000000,95195.99000000,95178.77000000,95182.52000000,13.88442000,1746014279999999,1321635.81426210,652,2.67652000,254777.13703260,0
1746014280000000,95182.53000000,95225.00000000,95182.52000000,95204.52000000,26.98384000,1746014339999999,2569119.74100120,1872,9.09427000,865724.83593340,0
1746014340000000,95204.52000000,95204.53000000,95176.66000000,95176.66000000,8.18608000,1746014399999999,779194.16881590,1185,3.49053000,332230.42474700,0
1746014400000000,95176.66000000,95182.50000000,95147.65000000,95151.14000000,10.41570000,1746014459999999,991188.38026160,1972,6.90658000,657218.53426300,0
1746014460000000,95151.14000000,95165.49000000,95126.83000000,95130.44000000,7.01088000,1746014519999999,667090.49312530,1966,1.31009000,124653.72896940,0
1746014520000000,95130.43000000,95159.19000000,95130.43000000,95159.04000000,5.74154000,1746014579999999,546278.35938880,1326,4.65501000,442887.35186800,0
1746014580000000,95159.03000000,95200.00000000,95159.03000000,95199.99000000,7.50977000,1746014639999999,714730.72281900,1018,6.02324000,573223.11803930,0
1746014640000000,95199.99000000,95200.00000000,95129.30000000,95147.49000000,14.87223000,1746014699999999,1415222.09143390,2817,1.98913000,189253.26732510,0
1746014700000000,95147.49000000,95214.90000000,95138.22000000,95214.90000000,13.31918000,1746014759999999,1267525.75949240,1994,5.73038000,545400.42601180,0
1746014760000000,95214.89000000,95214.90000000,95145.58000000,95145.58000000,7.77614000,1746014819999999,740140.72453090,2321,0.41370000,39369.45612540,0
1746014820000000,95145.59000000,95145.59000000,95131.92000000,95131.93000000,3.99058000,1746014879999999,379637.08225270,918,0.99027000,94206.75992620,0
1746014880000000,95131.92000000,95131.93000000,95108.27000000,95108.28000000,2.48871000,1746014939999999,236722.06503400,1173,0.65251000,62062.23424360,0
1746014940000000,95108.28000000,95117.61000000,95096.40000000,95096.41000000,14.30901000,1746014999999999,1360890.05401290,964,3.94218000,374940.10303910,0
1746015000000000,95096.40000000,95096.41000000,95065.47000000,95075.99000000,7.87741000,1746015059999999,748921.30735000,1497,5.38309000,511751.48648480,0
1746015060000000,95075.99000000,95076.00000000,95045.79000000,95059.99000000,12.87192000,1746015119999999,1223572.97816030,1130,6.02898000,573069.96835770,0
1746015120000000,95059.99000000,95086.64000000,95045.79000000,95073.21000000,10.77652000,1746015179999999,1024441.21996900,1809,7.03090000,668318.06790130,0
1746015180000000,95073.21000000,95079.49000000,95068.11000000,95073.19000000,10.08842000,1746015239999999,959134.28575330,794,3.45307000,328284.48644680,0
1746015240000000,95073.20000000,95150.69000000,95073.19000000,95146.46000000,24.02827000,1746015299999999,2285456.10720740,2567,19.49631000,1854417.25184330,0
1746015300000000,95146.46000000,95189.00000000,95121.01000000,95158.02000000,28.51280000,1746015359999999,2713072.47612900,2708,11.34499000,1079323.66737360,0
1746015360000000,95158.02000000,95186.00000000,95156.58000000,95172.75000000,4.14303000,1746015419999999,394293.85128610,1393,2.36194000,224770.90887000,0
1746015420000000,95172.76000000,95187.61000000,95087.75000000,95087.76000000,10.77001000,1746015479999999,1024847.52382140,3806,2.18363000,207800.89454480,0
1746015480000000,95087.76000000,95087.76000000,95047.61000000,95065.99000000,10.17813000,1746015539999999,967560.09343130,3157,3.99279000,379546.75914830,0
1746015540000000,95065.99000000,95087.46000000,95047.61000000,95087.45000000,5.42119000,1746015599999999,515362.37984540,1821,4.17698000,397085.19666740,0
1746015600000000,95087.45000000,95087.46000000,95065.66000000,95065.66000000,3.91109000,1746015659999999,371829.48522320,881,1.40525000,133591.23296280,0
1746015660000000,95065.66000000,95065.66000000,95000.00000000,95000.00000000,22.88234000,1746015719999999,2174366.34185290,2039,0.66609000,63302.54639890,0
1746015720000000,95000.00000000,95000.01000000,94940.00000000,94965.12000000,29.81450000,1746015779999999,2831546.69781460,2151,7.18965000,682795.69191820,0
1746015780000000,94965.12000000,94965.12000000,94887.77000000,94930.49000000,21.93569000,1746015839999999,2082003.00161980,3457,7.50142000,712007.57325540,0
1746015840000000,94930.49000000,95014.17000000,94909.50000000,95014.16000000,21.00856000,1746015899999999,1994893.34882190,3772,14.62236000,1388565.70599010,0
1746015900000000,95014.16000000,95036.00000000,94981.60000000,94981.61000000,18.16042000,1746015959999999,1725524.81111780,2136,7.69890000,731414.60227170,0
1746015960000000,94981.61000000,94981.61000000,94940.00000000,94940.01000000,5.49117000,1746016019999999,521433.24268960,2293,2.33495000,221720.05974700,0
1746016020000000,94940.00000000,94991.55000000,94940.00000000,94991.55000000,5.15757000,1746016079999999,489795.57984800,1612,2.43645000,231360.40357530,0
1746016080000000,94991.55000000,94991.55000000,94900.00000000,94900.01000000,6.29899000,1746016139999999,598177.10691040,1979,1.56563000,148670.69042750,0
1746016140000000,94900.01000000,94935.18000000,94900.00000000,94928.64000000,9.02477000,1746016199999999,856625.92772650,1681,5.12557000,486503.47637590,0
1746016200000000,94928.64000000,95036.52000000,94901.82000000,94996.09000000,65.60498000,1746016259999999,6230759.49412800,8040,39.94261000,3793169.56663010,0
1746016260000000,94996.09000000,94996.10000000,94768.00000000,94814.96000000,33.19639000,1746016319999999,3148239.68800350,7713,13.61490000,1290782.69672250,0
1746016320000000,94814.96000000,94814.96000000,94600.00000000,94724.79000000,50.51191000,1746016379999999,4782735.34072060,10525,17.90357000,1694958.09507120,0
1746016380000000,94724.79000000,94736.04000000,94653.12000000,94676.00000000,23.02209000,1746016439999999,2179882.42898680,7231,6.02380000,570301.86977750,0
1746016440000000,94676.01000000,94735.67000000,94652.17000000,94733.60000000,10.10723000,1746016499999999,956985.73670310,5254,5.02237000,475530.79435680,0
1746016500000000,94733.61000000,94745.85000000,94660.00000000,94660.00000000,10.02745000,1746016559999999,949695.01196270,2995,4.57345000,433106.38005380,0
1746016560000000,94660.00000000,94664.00000000,94437.08000000,94517.46000000,229.05875000,1746016619999999,21654301.54795980,10817,59.27419000,5602235.80520380,0
1746016620000000,94517.46000000,94610.85000000,94480.00000000,94598.00000000,28.69476000,1746016679999999,2712454.91039220,7923,17.71576000,1674503.77779470,0
1746016680000000,94598.01000000,94604.00000000,94551.03000000,94590.00000000,22.75467000,1746016739999999,2152114.14201310,4674,10.82307000,1023556.83718100,0
1746016740000000,94590.01000000,94597.75000000,94459.36000000,94472.00000000,39.47081000,1746016799999999,3729420.11310880,5453,16.25461000,1535766.77300300,0
1746016800000000,94472.00000000,94507.77000000,94349.29000000,94448.21000000,174.79945000,1746016859999999,16503159.56088980,11683,101.22143000,9557516.25639500,0
1746016860000000,94448.20000000,94462.74000000,94359.99000000,94359.99000000,43.54136000,1746016919999999,4109810.11130850,7890,16.67951000,1574256.21525650,0
1746016920000000,94359.99000000,94503.53000000,94351.19000000,94470.81000000,115.18453000,1746016979999999,10876343.82758350,8349,104.68479000,9884584.64619670,0
1746016980000000,94470.80000000,94470.80000000,94385.12000000,94414.00000000,37.76614000,1746017039999999,3565120.08939220,3797,21.20398000,2001510.03979470,0
1746017040000000,94414.00000000,94515.72000000,94413.99000000,94493.98000000,17.20480000,1746017099999999,1625663.96915310,4840,11.89747000,1124166.75147640,0
1746017100000000,94493.99000000,94530.75000000,94400.93000000,94530.74000000,63.00637000,1746017159999999,5952233.89205830,9161,47.92567000,4527646.54172670,0
1746017160000000,94530.74000000,94530.75000000,94397.12000000,94404.02000000,42.58603000,1746017219999999,4023606.16627770,6622,27.80989000,2627760.69622100,0
1746017220000000,94404.01000000,94443.22000000,94362.24000000,94440.00000000,34.36903000,1746017279999999,3245024.05099000,6117,27.06622000,2555512.60156870,0
1746017280000000,94439.99000000,94458.91000000,94363.76000000,94411.46000000,81.07442000,1746017339999999,7654827.39357990,8985,67.50215000,6373496.36670170,0
1746017340000000,94411.45000000,94496.49000000,94402.01000000,94496.49000000,29.89990000,1746017399999999,2823861.82220060,7442,22.20498000,2097253.93742650,0
1746017400000000,94496.49000000,94592.28000000,94495.45000000,94571.43000000,24.60552000,1746017459999999,2326208.25737660,4502,16.01183000,1513574.99570050,0
1746017460000000,94571.43000000,94608.70000000,94560.00000000,94592.01000000,15.74623000,1746017519999999,1489394.66129560,2843,10.36005000,979920.34840430,0
1746017520000000,94592.00000000,94600.71000000,94560.01000000,94560.19000000,12.80434000,1746017579999999,1211110.05290560,2811,9.43922000,892825.58333960,0
1746017580000000,94560.19000000,94610.00000000,94560.19000000,94610.00000000,17.87034000,1746017639999999,1690209.23105190,2536,5.83841000,552208.70585850,0
1746017640000000,94610.00000000,94629.23000000,94610.00000000,94629.23000000,11.82069000,1746017699999999,1118423.33437450,1934,9.46540000,895571.88454050,0
1746017700000000,94629.23000000,94637.72000000,94583.93000000,94593.53000000,29.04517000,1746017759999999,2747937.86021430,2480,4.51966000,427526.24348480,0
1746017760000000,94593.53000000,94613.96000000,94586.15000000,94591.26000000,13.58840000,1746017819999999,1285397.80111950,2162,7.96693000,753624.75093170,0
1746017820000000,94591.84000000,94599.01000000,94587.54000000,94587.55000000,5.12451000,1746017879999999,484753.64457610,999,0.65061000,61543.35578620,0
1746017880000000,94587.54000000,94635.82000000,94587.54000000,94605.61000000,17.04544000,1746017939999999,1612804.18227500,2351,7.76602000,734767.70111520,0
1746017940000000,94605.61000000,94610.36000000,94555.88000000,94555.88000000,9.10171000,1746017999999999,860945.66334300,2424,2.90274000,274601.95870580,0
1746018000000000,94555.89000000,94555.89000000,94452.00000000,94452.00000000,91.31989000,1746018059999999,8630288.08219380,6014,23.23642000,2195884.85080580,0
1746018060000000,94452.01000000,94560.49000000,94444.02000000,94560.49000000,23.78201000,1746018119999999,2247300.43433510,5248,17.73637000,1675951.37241130,0
1746018120000000,94560.49000000,94618.99000000,94500.88000000,94509.72000000,25.35326000,1746018179999999,2397665.03953480,7142,11.79903000,1115891.35841200,0
1746018180000000,94509.72000000,94589.43000000,94509.72000000,94589.42000000,10.09432000,1746018239999999,954459.68727380,3562,8.07825000,763826.86437540,0
1746018240000000,94589.42000000,94589.42000000,94539.79000000,94550.00000000,6.86311000,1746018299999999,648955.69244550,2283,3.25169000,307451.56584750,0
1746018300000000,94550.01000000,94572.15000000,94541.99000000,94559.50000000,8.01621000,1746018359999999,757975.73934100,1614,4.42348000,418258.43248690,0
1746018360000000,94559.50000000,94559.51000000,94521.74000000,94521.74000000,4.04127000,1746018419999999,382061.35016100,2107,0.73173000,69180.19227550,0
1746018420000000,94521.74000000,94521.74000000,94463.00000000,94463.01000000,14.75667000,1746018479999999,1394219.93384000,3362,10.78293000,1018741.10492580,0
1746018480000000,94463.00000000,94463.01000000,94389.33000000,94397.29000000,14.59281000,1746018539999999,1377733.73108960,4224,2.13093000,201167.53059070,0
1746018540000000,94397.30000000,94426.26000000,94371.60000000,94393.99000000,16.93524000,1746018599999999,1598729.55074890,4113,7.70525000,727386.42728990,0
1746018600000000,94394.00000000,94460.47000000,94384.55000000,94460.47000000,13.68722000,1746018659999999,1292080.57541330,2820,9.53304000,899942.79701010,0
1746018660000000,94460.47000000,94478.27000000,94434.79000000,94434.79000000,10.91258000,1746018719999999,1030937.22675430,2266,2.77703000,262359.76963280,0
1746018720000000,94434.80000000,94434.80000000,94391.30000000,94391.31000000,7.25306000,1746018779999999,684688.47297570,1396,1.26395000,119322.97180560,0
1746018780000000,94391.31000000,94400.00000000,94312.00000000,94312.00000000,15.58606000,1746018839999999,1470686.43298170,4490,1.97468000,186321.37872340,0
1746018840000000,94312.00000000,94312.01000000,94270.00000000,94282.01000000,25.86747000,1746018899999999,2438908.45012310,5505,16.51713000,1557239.63723830,0
1746018900000000,94282.01000000,94354.86000000,94226.27000000,94347.82000000,63.82045000,1746018959999999,6016635.08005280,7862,15.93494000,1502271.91455650,0
1746018960000000,94347.83000000,94399.07000000,94347.82000000,94399.07000000,6.92146000,1746019019999999,653197.55951610,2224,5.45164000,514486.00397450,0
1746019020000000,94399.07000000,94416.01000000,94371.96000000,94392.97000000,8.62537000,1746019079999999,814178.60265550,3725,3.52595000,332814.31299580,0
1746019080000000,94392.97000000,94434.79000000,94301.04000000,94301.64000000,19.26846000,1746019139999999,1818772.59302870,4309,12.19811000,1151595.59159360,0
1746019140000000,94301.63000000,94332.93000000,94256.62000000,94324.01000000,38.55447000,1746019199999999,3634809.30695350,4158,6.28855000,592957.33071200,0
1746019200000000,94324.00000000,94339.12000000,94324.00000000,94339.12000000,10.61324000,1746019259999999,1001201.69220390,1539,7.47072000,704759.50860140,0
1746019260000000,94339.11000000,94339.12000000,94330.41000000,94330.41000000,3.63516000,1746019319999999,342935.85989470,722,1.26648000,119478.23094360,0
1746019320000000,94330.41000000,94338.89000000,94311.28000000,94314.34000000,6.81456000,1746019379999999,642797.16092970,2552,3.24092000,305698.77416520,0
1746019380000000,94314.34000000,94330.60000000,94304.00000000,94321.89000000,4.17816000,1746019439999999,394053.00596380,1424,2.68215000,252954.73210270,0
1746019440000000,94321.90000000,94391.62000000,94304.01000000,94391.62000000,11.78420000,1746019499999999,1111888.10732690,2702,10.36964000,978423.61286560,0
1746019500000000,94391.62000000,94459.24000000,94388.65000000,94434.06000000,22.54915000,1746019559999999,2129170.93585610,5071,14.67842000,1386006.16679560,0
1746019560000000,94434.06000000,94649.50000000,94422.70000000,94638.00000000,56.78872000,1746019619999999,5368649.99146160,6129,40.89570000,3865722.88787600,0
1746019620000000,94638.00000000,94638.00000000,94476.58000000,94480.60000000,16.06534000,1746019679999999,1519041.85625380,4716,4.06192000,384053.99017380,0
1746019680000000,94480.61000000,94505.85000000,94444.03000000,94505.84000000,8.41568000,1746019739999999,795075.21175740,3824,4.69158000,443186.19356110,0
1746019740000000,94505.84000000,94579.06000000,94482.24000000,94545.98000000,32.37624000,1746019799999999,3060223.40653190,5007,15.88410000,1501453.24224650,0
1746019800000000,94545.98000000,94545.98000000,94440.89000000,94440.90000000,21.84912000,1746019859999999,2064309.30002160,8504,10.25301000,968658.47367900,0
1746019860000000,94440.90000000,94469.75000000,94359.14000000,94363.50000000,23.66416000,1746019919999999,2233886.58974530,6825,7.44953000,703264.35871250,0
1746019920000000,94363.49000000,94428.00000000,94337.50000000,94344.83000000,10.44684000,1746019979999999,985911.33588190,6207,4.42535000,417633.03880960,0
1746019980000000,94344.83000000,94414.55000000,94338.00000000,94403.39000000,22.13069000,1746020039999999,2088360.71495040,9260,15.15860000,1430376.49527740,0
1746020040000000,94403.39000000,94519.80000000,94403.39000000,94519.80000000,18.38931000,1746020099999999,1737106.68784980,5388,13.93107000,1315946.20427460,0
1746020100000000,94519.80000000,94559.71000000,94453.94000000,94469.22000000,14.59502000,1746020159999999,1379446.50994230,5856,6.85714000,648119.21611390,0
1746020160000000,94469.23000000,94478.27000000,94434.78000000,94434.80000000,15.58339000,1746020219999999,1472042.15993300,3824,7.59026000,717008.83439510,0
1746020220000000,94434.79000000,94434.80000000,94252.24000000,94252.25000000,20.06931000,1746020279999999,1893157.86488400,5615,2.85354000,269154.30203720,0
1746020280000000,94252.25000000,94295.27000000,94178.58000000,94178.60000000,31.46795000,1746020339999999,2965490.88075700,6334,9.87450000,930569.53352570,0
1746020340000000,94178.60000000,94178.60000000,94083.99000000,94083.99000000,76.10102000,1746020399999999,7162914.89941920,6220,5.36620000,505182.06180970,0
1746020400000000,94083.99000000,94150.00000000,94060.02000000,94110.00000000,36.23968000,1746020459999999,3410054.71084560,7033,17.31268000,1629264.56054730,0
1746020460000000,94110.00000000,94110.01000000,93803.00000000,93815.40000000,227.10322000,1746020519999999,21333319.44427950,16787,50.78376000,4769015.54201730,0
1746020520000000,93815.40000000,93860.00000000,93711.08000000,93722.02000000,185.14184000,1746020579999999,17363477.84186440,17417,57.18999000,5363631.17920720,0
1746020580000000,93722.02000000,93780.00000000,93680.77000000,93764.00000000,115.46279000,1746020639999999,10823250.17133780,13916,46.45866000,4354957.13285760,0
1746020640000000,93764.00000000,93926.78000000,93763.99000000,93899.99000000,123.32869000,1746020699999999,11574590.34662120,9814,86.48496000,8117126.49903820,0
1746020700000000,93900.00000000,93933.64000000,93682.97000000,93783.58000000,139.55716000,1746020759999999,13087414.53809900,9626,82.16939000,7706210.40638620,0
1746020760000000,93783.58000000,93794.34000000,93628.41000000,93652.17000000,84.36805000,1746020819999999,7903655.93374490,10572,18.38979000,1722608.66817960,0
1746020820000000,93652.17000000,93714.28000000,93623.07000000,93699.25000000,54.12944000,1746020879999999,5070305.07591030,8103,18.49861000,1732841.78280470,0
1746020880000000,93699.24000000,93825.74000000,93699.24000000,93802.10000000,31.51714000,1746020939999999,2955177.50723690,8644,20.53926000,1925787.95277840,0
1746020940000000,93802.10000000,93832.00000000,93780.81000000,93780.82000000,22.09155000,1746020999999999,2072292.62800030,6372,10.59974000,994294.88470630,0
1746021000000000,93780.82000000,93786.30000000,93608.69000000,93680.54000000,89.14083000,1746021059999999,8349383.30143130,8369,34.65750000,3246562.21810460,0
1746021060000000,93680.55000000,93680.55000000,93541.48000000,93614.00000000,89.10339000,1746021119999999,8339172.39270840,9806,30.62479000,2866115.14791410,0
1746021120000000,93614.00000000,93621.38000000,93491.64000000,93504.23000000,124.01884000,1746021179999999,11598636.88565560,9409,33.50064000,3133374.80293520,0
1746021180000000,93504.22000000,93525.75000000,93335.31000000,93389.35000000,120.08905000,1746021239999999,11221027.76550860,15014,47.23227000,4413797.29134620,0
1746021240000000,93389.35000000,93440.00000000,93354.41000000,93413.32000000,59.04766000,1746021299999999,5515299.32378180,8460,19.72867000,1842578.90105670,0
1746021300000000,93413.32000000,93413.33000000,93236.89000000,93259.20000000,88.07425000,1746021359999999,8217439.96124920,9994,22.46668000,2095813.90920020,0
1746021360000000,93259.21000000,93267.08000000,93167.40000000,93167.40000000,75.90577000,1746021419999999,7075221.47413880,8793,21.27842000,1983183.65252350,0
1746021420000000,93167.40000000,93172.00000000,93062.49000000,93081.70000000,90.23061000,1746021479999999,8401161.36585490,9816,28.93697000,2694250.14599040,0
1746021480000000,93081.69000000,93132.33000000,93062.58000000,93074.16000000,34.06015000,1746021539999999,3170529.06445130,6115,20.54994000,1912891.48609710,0
1746021540000000,93074.16000000,93092.74000000,93026.00000000,93032.58000000,69.63849000,1746021599999999,6480065.93603230,9534,32.71669000,3044232.74831980,0
1746021600000000,93032.58000000,93119.65000000,92910.00000000,93119.64000000,277.36149000,1746021659999999,25790556.86241590,19923,107.92905000,10034929.80559630,0
1746021660000000,93119.65000000,93386.21000000,93119.65000000,93381.66000000,88.85751000,1746021719999999,8288683.37842850,17743,54.57640000,5090785.52651550,0
1746021720000000,93381.65000000,93548.61000000,93270.53000000,93548.54000000,79.50032000,1746021779999999,7424401.24780710,13996,57.53331000,5373767.81605220,0
1746021780000000,93548.54000000,93600.65000000,93371.98000000,93464.00000000,108.65962000,1746021839999999,10156117.56745640,17253,75.89766000,7093403.29819880,0
1746021840000000,93464.00000000,93464.00000000,93354.81000000,93363.54000000,95.79232000,1746021899999999,8946552.02661480,9771,69.00027000,6443906.55954190,0
1746021900000000,93363.54000000,93378.27000000,93268.71000000,93270.00000000,132.56641000,1746021959999999,12368870.91680130,11099,93.06429000,8683026.36232930,0
1746021960000000,93270.01000000,93370.37000000,93236.36000000,93360.98000000,58.42640000,1746022019999999,5451974.18832230,10666,33.22286000,3100193.89972980,0
1746022020000000,93361.23000000,93379.08000000,93236.36000000,93240.79000000,59.59020000,1746022079999999,5559512.69580610,8280,23.63573000,2204849.29605450,0
1746022080000000,93240.78000000,93291.43000000,93186.97000000,93291.42000000,68.93616000,1746022139999999,6426666.22629940,8077,42.28172000,3941625.70733150,0
1746022140000000,93291.42000000,93407.34000000,93286.00000000,93365.30000000,32.22748000,1746022199999999,3007957.07185240,4488,27.57924000,2574010.33029590,0
1746022200000000,93365.30000000,93370.18000000,93196.53000000,93229.47000000,66.53719000,1746022259999999,6204025.32170510,7813,21.29812000,1985750.40296470,0
1746022260000000,93229.46000000,93291.65000000,93173.91000000,93173.91000000,51.20263000,1746022319999999,4772941.07725300,8183,32.91153000,3067865.65607410,0
1746022320000000,93173.92000000,93224.55000000,93162.49000000,93212.00000000,38.19900000,1746022379999999,3560092.66962820,4519,30.37846000,2831223.15982300,0
1746022380000000,93212.01000000,93349.30000000,93212.00000000,93342.67000000,46.14164000,1746022439999999,4303576.31078610,6960,26.58534000,2479384.72643510,0
1746022440000000,93342.67000000,93449.99000000,93320.00000000,93443.61000000,58.62146000,1746022499999999,5475101.07013030,6239,52.37711000,4892104.12520890,0
1746022500000000,93443.61000000,93443.62000000,93358.41000000,93397.99000000,46.31765000,1746022559999999,4324946.47512990,5483,35.55011000,3319402.89995920,0
1746022560000000,93397.99000000,93453.80000000,93397.99000000,93440.00000000,24.16138000,1746022619999999,2257428.72718740,6803,14.15441000,1322438.87831550,0
1746022620000000,93440.00000000,93440.00000000,93288.12000000,93288.12000000,26.09492000,1746022679999999,2436437.14778020,6108,8.95474000,835885.63061610,0
1746022680000000,93288.13000000,93359.94000000,93260.86000000,93280.00000000,18.53459000,1746022739999999,1729199.88188720,6000,9.73324000,908061.54442210,0
1746022740000000,93280.01000000,93433.42000000,93276.00000000,93433.42000000,14.05864000,1746022799999999,1312530.02535990,4083,10.77774000,1006338.67865420,0
1746022800000000,93433.41000000,93480.63000000,93366.99000000,93431.55000000,23.19691000,1746022859999999,2167216.39191650,4748,17.74653000,1658019.84036140,0
1746022860000000,93431.55000000,93628.42000000,93431.55000000,93615.50000000,84.58687000,1746022919999999,7913724.81380320,9495,56.01506000,5240116.35286700,0
1746022920000000,93615.49000000,93668.52000000,93563.36000000,93668.51000000,49.72189000,1746022979999999,4654524.40754960,7670,31.21165000,2921572.37695010,0
1746022980000000,93668.52000000,93857.15000000,93656.43000000,93857.15000000,39.98489000,1746023039999999,3749368.15951500,8033,27.53132000,2581476.22952200,0
1746023040000000,93857.15000000,93980.71000000,93808.03000000,93961.40000000,61.48518000,1746023099999999,5774046.93481430,10942,39.32255000,3692481.82950160,0
1746023100000000,93961.40000000,93966.73000000,93854.12000000,93897.77000000,54.34257000,1746023159999999,5102725.52736280,8895,31.32531000,2941352.06657480,0
1746023160000000,93897.77000000,93955.79000000,93880.01000000,93947.25000000,30.06897000,1746023219999999,2823863.58803960,6095,18.70622000,1756684.91457410,0
1746023220000000,93947.24000000,93947.25000000,93888.00000000,93945.70000000,47.37856000,1746023279999999,4449453.56281130,5313,34.34069000,3225006.26838100,0
1746023280000000,93945.70000000,94021.90000000,93929.25000000,94021.90000000,46.90393000,1746023339999999,4407807.84522730,7523,33.27006000,3126499.93124080,0
1746023340000000,94021.89000000,94183.75000000,94021.89000000,94123.98000000,83.24991000,1746023399999999,7836061.90033480,13112,50.25520000,4729910.88374900,0
1746023400000000,94123.99000000,94123.99000000,94021.93000000,94032.00000000,24.55409000,1746023459999999,2309728.61818970,7461,9.61830000,904743.76986950,0
1746023460000000,94032.00000000,94188.00000000,94029.51000000,94130.44000000,33.15968000,1746023519999999,3121143.70744550,7093,18.49618000,1740949.67246250,0
1746023520000000,94130.43000000,94272.46000000,94108.22000000,94272.46000000,38.60962000,1746023579999999,3637892.66403440,8323,28.28877000,2665270.05999980,0
1746023580000000,94272.45000000,94367.70000000,94272.45000000,94304.36000000,58.66787000,1746023639999999,5532887.57569670,8097,35.00321000,3301018.87591370,0
1746023640000000,94304.36000000,94360.00000000,94256.57000000,94288.01000000,59.85186000,1746023699999999,5645420.81487150,7104,30.07819000,2837486.21922410,0
1746023700000000,94288.01000000,94292.65000000,94174.93000000,94174.93000000,47.51487000,1746023759999999,4477256.16167620,4859,25.12353000,2367191.91393660,0
1746023760000000,94174.94000000,94200.03000000,93971.00000000,93971.00000000,54.64959000,1746023819999999,5141390.94993310,9560,16.75556000,1576844.60367660,0
1746023820000000,93971.00000000,94010.70000000,93921.01000000,93969.79000000,43.23430000,1746023879999999,4062986.52940550,8624,27.50211000,2584684.50241830,0
1746023880000000,93969.79000000,93999.61000000,93904.76000000,93969.12000000,20.51664000,1746023939999999,1927548.66551590,6577,12.13173000,1139775.04972020,0
1746023940000000,93969.11000000,94014.20000000,93954.22000000,94014.20000000,17.08722000,1746023999999999,1605940.73606200,3282,9.33839000,877735.87844280,0
1746024000000000,94014.20000000,94017.76000000,93947.11000000,93965.21000000,17.23034000,1746024059999999,1619229.28917900,5561,10.90153000,1024406.71892660,0
1746024060000000,93965.21000000,93965.21000000,93891.12000000,93891.13000000,16.44405000,1746024119999999,1544323.37596440,5672,8.52468000,800550.84123200,0
1746024120000000,93891.12000000,93929.89000000,93863.35000000,93929.88000000,12.45151000,1746024179999999,1169072.67411840,3743,4.29685000,403445.06494470,0
1746024180000000,93929.88000000,94093.29000000,93929.88000000,94093.28000000,15.61468000,1746024239999999,1467916.72880830,5278,9.91473000,932053.95780780,0
1746024240000000,94093.29000000,94176.47000000,94084.97000000,94084.97000000,35.92421000,1746024299999999,3381343.53045890,7643,27.43503000,2582294.65871650,0
1746024300000000,94084.97000000,94086.96000000,94049.25000000,94059.41000000,10.97754000,1746024359999999,1032638.68012490,5832,4.35806000,409946.01590010,0
1746024360000000,94059.40000000,94072.00000000,93973.94000000,93973.94000000,17.69549000,1746024419999999,1663832.32004470,7577,6.54326000,615243.40412590,0
1746024420000000,93973.94000000,93973.95000000,93900.02000000,93912.06000000,19.65862000,1746024479999999,1846612.47855790,4354,3.95373000,371358.88741200,0
1746024480000000,93912.06000000,93950.02000000,93889.99000000,93900.55000000,18.30523000,1746024539999999,1719076.77083420,4963,11.32752000,1063763.19559710,0
1746024540000000,93900.56000000,93913.05000000,93880.90000000,93913.05000000,5.72556000,1746024599999999,537606.64821370,2273,2.52235000,236837.13118990,0
1746024600000000,93913.04000000,93913.05000000,93684.52000000,93694.00000000,250.35234000,1746024659999999,23481306.99621510,9383,18.79313000,1762193.81402850,0
1746024660000000,93693.99000000,93818.41000000,93693.99000000,93779.11000000,46.12574000,1746024719999999,4325653.39203370,7370,28.50624000,2673003.29376300,0
1746024720000000,93779.10000000,93897.44000000,93763.38000000,93897.43000000,22.97562000,1746024779999999,2155278.98194640,5506,15.79462000,1481612.51456370,0
1746024780000000,93897.44000000,93923.52000000,93882.46000000,93882.46000000,17.52748000,1746024839999999,1645899.03820980,3453,6.63107000,622700.64608010,0
1746024840000000,93882.45000000,93908.29000000,93831.51000000,93831.51000000,23.70162000,1746024899999999,2225065.92653250,3136,11.04706000,1037254.02993340,0
1746024900000000,93831.52000000,93858.82000000,93814.63000000,93814.63000000,57.97329000,1746024959999999,5439664.18263770,4733,4.38980000,411882.60591000,0
1746024960000000,93814.63000000,93817.19000000,93725.57000000,93775.03000000,67.36192000,1746025019999999,6316454.00547360,4083,11.48066000,1076349.94766320,0
1746025020000000,93775.04000000,93855.20000000,93769.05000000,93794.23000000,61.32328000,1746025079999999,5752669.58346520,4384,8.34469000,782757.05569360,0
1746025080000000,93794.23000000,93794.23000000,93754.85000000,93787.95000000,62.35123000,1746025139999999,5847039.54679720,3647,9.43675000,884937.14328530,0
1746025140000000,93787.94000000,93793.01000000,93695.66000000,93705.04000000,68.34788000,1746025199999999,6407762.05390700,3314,17.92718000,1680504.44543950,0
1746025200000000,93705.04000000,93920.00000000,93705.03000000,93920.00000000,30.17416000,1746025259999999,2829947.16291050,5227,25.10214000,2354497.33588300,0
1746025260000000,93919.99000000,93986.20000000,93892.12000000,93983.54000000,15.62559000,1746025319999999,1467651.76082360,3960,8.39507000,788542.76005450,0
1746025320000000,93983.54000000,94011.39000000,93957.31000000,94011.38000000,16.90804000,1746025379999999,1589217.60799840,4053,7.21183000,677846.69631240,0
1746025380000000,94011.38000000,94023.07000000,93923.69000000,93923.69000000,17.76285000,1746025439999999,1669361.60046840,4208,3.63252000,341398.03185090,0
1746025440000000,93923.70000000,93923.70000000,93840.00000000,93906.57000000,24.12028000,1746025499999999,2264425.15177030,4734,5.90797000,554567.54597580,0
1746025500000000,93906.56000000,93906.57000000,93846.89000000,93899.12000000,9.45208000,1746025559999999,887324.08752560,3120,3.13340000,294123.99303440,0
1746025560000000,93899.11000000,93901.70000000,93845.00000000,93895.29000000,6.17350000,1746025619999999,579566.62716860,3139,1.61539000,151653.40942370,0
1746025620000000,93895.30000000,93998.00000000,93895.29000000,93940.01000000,24.38067000,1746025679999999,2290936.02672410,4281,17.96096000,1687586.57929440,0
1746025680000000,93940.00000000,93967.92000000,93940.00000000,93962.21000000,5.86673000,1746025739999999,551255.41394100,1311,3.76705000,353956.16034330,0
1746025740000000,93962.21000000,94010.88000000,93962.21000000,93984.90000000,18.03827000,1746025799999999,1695414.77119460,2333,13.00858000,1222652.86950650,0
1746025800000000,93984.90000000,94019.59000000,93966.97000000,93984.70000000,23.15493000,1746025859999999,2176509.31904190,3320,17.77789000,1671080.91835580,0
1746025860000000,93984.71000000,93996.00000000,93919.06000000,93935.99000000,11.40301000,1746025919999999,1071415.60871070,3752,3.40266000,319680.63488200,0
1746025920000000,93935.98000000,94035.28000000,93935.98000000,94035.27000000,7.13022000,1746025979999999,670199.90702400,2680,6.28955000,591177.40473290,0
1746025980000000,94035.27000000,94039.19000000,94007.01000000,94039.19000000,12.35471000,1746026039999999,1161674.07721750,2184,5.81241000,546514.28053220,0
1746026040000000,94039.18000000,94041.66000000,93966.06000000,93971.49000000,9.56268000,1746026099999999,898920.45883240,2511,2.99911000,281883.10904000,0
1746026100000000,93971.50000000,94029.78000000,93971.49000000,94025.00000000,8.84115000,1746026159999999,831077.11519970,3012,3.62132000,340383.40045160,0
1746026160000000,94025.00000000,94043.15000000,94010.00000000,94030.00000000,6.19303000,1746026219999999,582335.79968470,2215,2.90077000,272756.63572570,0
1746026220000000,94030.01000000,94030.01000000,94000.00000000,94000.01000000,9.11873000,1746026279999999,857310.18438140,2181,6.23480000,586160.00618640,0
1746026280000000,94000.00000000,94020.00000000,93975.86000000,94019.69000000,8.74547000,1746026339999999,822040.13574250,4571,3.65990000,344006.89019430,0
1746026340000000,94019.68000000,94019.69000000,93913.04000000,93913.04000000,6.96207000,1746026399999999,654201.36813540,3552,1.76670000,165986.65055310,0
1746026400000000,93913.05000000,93917.03000000,93858.00000000,93858.01000000,16.84308000,1746026459999999,1581236.63271080,4043,3.51267000,329791.25179380,0
1746026460000000,93858.01000000,93924.00000000,93848.30000000,93888.82000000,9.23830000,1746026519999999,867342.69201780,3920,3.70233000,347602.67236460,0
1746026520000000,93888.82000000,93901.51000000,93876.30000000,93885.15000000,5.81917000,1746026579999999,546381.69175080,2359,2.90898000,273125.83316230,0
1746026580000000,93885.15000000,93926.15000000,93883.13000000,93892.00000000,11.95949000,1746026639999999,1123033.74565710,3027,3.34748000,314326.11589250,0
1746026640000000,93892.01000000,93892.01000000,93808.00000000,93821.74000000,21.21008000,1746026699999999,1990513.54700940,3712,1.44585000,135698.93982400,0
1746026700000000,93821.73000000,93821.74000000,93739.13000000,93742.02000000,8.67322000,1746026759999999,813231.99259250,3080,2.12578000,199285.96894290,0
1746026760000000,93742.01000000,93764.00000000,93735.25000000,93735.26000000,10.74587000,1746026819999999,1007451.54210310,1919,3.67036000,344099.31149070,0
1746026820000000,93735.25000000,93735.26000000,93659.24000000,93707.09000000,23.96959000,1746026879999999,2245687.63078730,4765,8.01184000,750525.29252600,0
1746026880000000,93707.10000000,93854.47000000,93707.10000000,93854.47000000,12.96907000,1746026939999999,1216159.92173770,8175,12.35307000,1158395.22004400,0
1746026940000000,93854.47000000,93865.25000000,93849.07000000,93857.51000000,5.08674000,1746026999999999,477428.62312360,1707,2.22170000,208518.83915820,0
1746027000000000,93857.51000000,93869.57000000,93800.00000000,93854.41000000,13.73077000,1746027059999999,1288364.39282710,4957,6.70531000,629118.45575530,0
1746027060000000,93854.42000000,93900.07000000,93836.00000000,93900.07000000,10.73869000,1746027119999999,1007931.22005430,3952,5.63492000,528868.42265430,0
1746027120000000,93900.07000000,93948.78000000,93900.06000000,93948.77000000,7.44067000,1746027179999999,698874.18561200,2874,3.82791000,359518.49972560,0
1746027180000000,93948.78000000,93972.84000000,93914.93000000,93972.84000000,6.80807000,1746027239999999,639621.45496560,2395,4.14604000,389542.68754380,0
1746027240000000,93972.84000000,94090.40000000,93948.79000000,94083.67000000,30.10001000,1746027299999999,2829941.11426140,4562,24.65860000,2318519.51804530,0
1746027300000000,94083.67000000,94083.68000000,94008.61000000,94050.90000000,20.05890000,1746027359999999,1886511.15860820,4218,5.66594000,532817.77768130,0
1746027360000000,94050.90000000,94095.23000000,94034.00000000,94062.73000000,10.96435000,1746027419999999,1031388.50314170,3484,7.27379000,684226.41600270,0
1746027420000000,94062.74000000,94090.13000000,94029.19000000,94029.19000000,8.89621000,1746027479999999,836790.11762070,3381,3.14135000,295476.34332510,0
1746027480000000,94029.19000000,94034.84000000,93993.48000000,94034.04000000,8.57805000,1746027539999999,806450.05007140,3303,3.59285000,337755.70353940,0
1746027540000000,94034.04000000,94056.21000000,94034.04000000,94056.20000000,7.52704000,1746027599999999,707833.16510060,1440,1.69106000,159030.01335630,0
1746027600000000,94056.20000000,94056.21000000,93974.79000000,93974.80000000,15.24752000,1746027659999999,1433593.78599590,6139,4.45714000,419035.88184320,0
1746027660000000,93974.79000000,93994.77000000,93940.52000000,93940.52000000,7.55942000,1746027719999999,710403.25641380,3462,1.89004000,177615.88476980,0
1746027720000000,93940.52000000,93996.00000000,93940.00000000,93984.08000000,7.52273000,1746027779999999,706860.25286250,3070,4.25916000,400211.74584190,0
1746027780000000,93984.07000000,94043.32000000,93977.00000000,94043.31000000,5.10117000,1746027839999999,479498.57858950,2356,4.02379000,378231.83462540,0
1746027840000000,94043.31000000,94103.96000000,94022.36000000,94103.96000000,25.68726000,1746027899999999,2416216.55966670,2900,13.60985000,1280035.08967830,0
1746027900000000,94103.96000000,94112.18000000,94004.24000000,94027.47000000,13.04824000,1746027959999999,1227177.57856790,4267,3.06781000,288464.46633510,0
1746027960000000,94027.46000000,94043.48000000,94000.00000000,94029.91000000,8.53966000,1746028019999999,802796.76669660,2178,5.52375000,519246.89417740,0
1746028020000000,94029.92000000,94043.48000000,94009.06000000,94043.47000000,4.20607000,1746028079999999,395463.08593440,1595,2.26995000,213414.51441880,0
1746028080000000,94043.47000000,94070.96000000,94020.74000000,94070.96000000,6.36076000,1746028139999999,598172.88099560,2463,2.44057000,229509.39248230,0
1746028140000000,94070.95000000,94086.96000000,94070.95000000,94086.95000000,3.58139000,1746028199999999,336944.12485410,1068,0.97554000,91775.39308070,0
1746028200000000,94086.95000000,94086.96000000,94043.47000000,94047.20000000,6.83586000,1746028259999999,642986.59895720,3050,3.70194000,348186.02999510,0
1746028260000000,94047.20000000,94047.20000000,93978.66000000,93982.05000000,14.48060000,1746028319999999,1361266.38361440,2500,0.75876000,71345.35817790,0
1746028320000000,93982.05000000,94038.90000000,93982.05000000,94012.55000000,10.04474000,1746028379999999,944395.35337450,2492,4.93290000,463725.08422430,0
1746028380000000,94012.55000000,94020.32000000,93967.39000000,93974.54000000,14.07135000,1746028439999999,1322522.70489690,2508,4.12764000,387897.26104840,0
1746028440000000,93974.53000000,94023.02000000,93967.39000000,94023.01000000,5.69803000,1746028499999999,535560.82919680,1195,4.24618000,399118.80212220,0
1746028500000000,94023.02000000,94027.99000000,93992.37000000,94016.89000000,9.10198000,1746028559999999,855729.85123830,2191,1.70198000,160001.75275070,0
1746028560000000,94016.90000000,94043.48000000,94008.99000000,94009.00000000,6.59556000,1746028619999999,620190.98577580,2068,2.11490000,198858.65937810,0
1746028620000000,94008.99000000,94029.12000000,93974.72000000,93974.72000000,11.34389000,1746028679999999,1066484.24838940,3358,5.60450000,526883.92008300,0
1746028680000000,93974.72000000,94043.47000000,93930.27000000,94043.47000000,15.37515000,1746028739999999,1445167.25672450,3560,10.22953000,961649.81179620,0
1746028740000000,94043.48000000,94055.92000000,94004.63000000,94004.63000000,8.37781000,1746028799999999,787729.78879590,2301,0.73788000,69388.97836370,0
1746028800000000,94004.63000000,94019.99000000,93961.00000000,93961.01000000,5.08478000,1746028859999999,477983.20463610,2584,2.15107000,202208.65915320,0
1746028860000000,93961.00000000,94000.01000000,93908.06000000,93908.25000000,11.40606000,1746028919999999,1071530.93947900,3830,1.90284000,178820.15965200,0
1746028920000000,93908.25000000,93919.00000000,93880.25000000,93904.83000000,14.39026000,1746028979999999,1351145.39474160,2995,8.90159000,835737.47922660,0
1746028980000000,93904.83000000,93925.18000000,93892.14000000,93893.16000000,7.71461000,1746029039999999,724473.84299680,2609,3.65458000,343195.45768330,0
1746029040000000,93893.15000000,93946.60000000,93893.15000000,93946.59000000,7.56680000,1746029099999999,710614.97223280,1574,6.70374000,629561.80568030,0
1746029100000000,93946.60000000,93956.53000000,93907.07000000,93907.07000000,10.18095000,1746029159999999,956477.97188300,2018,1.62857000,153006.59108720,0
1746029160000000,93907.08000000,93959.23000000,93904.76000000,93959.22000000,9.64815000,1746029219999999,906172.89299630,1244,6.58472000,618455.17164290,0
1746029220000000,93959.23000000,93980.27000000,93911.43000000,93916.57000000,7.49388000,1746029279999999,703970.80410850,2706,3.03493000,285089.70716330,0
1746029280000000,93916.57000000,93916.58000000,93832.28000000,93857.69000000,9.30762000,1746029339999999,873621.96493610,3694,4.23176000,397165.82867590,0
1746029340000000,93857.69000000,93863.00000000,93832.28000000,93832.29000000,8.19890000,1746029399999999,769499.42785910,2773,4.15815000,390262.11269550,0
1746029400000000,93832.29000000,93832.29000000,93786.81000000,93804.20000000,48.58267000,1746029459999999,4557317.56001060,3001,43.74492000,4103468.09961630,0
1746029460000000,93804.20000000,93843.92000000,93804.20000000,93843.92000000,24.34070000,1746029519999999,2283926.25662780,2156,16.98245000,1593462.34709630,0
1746029520000000,93843.91000000,93876.97000000,93830.44000000,93876.96000000,7.39369000,1746029579999999,693869.62943270,2356,5.53533000,519464.16764800,0
1746029580000000,93876.97000000,93876.97000000,93816.91000000,93816.92000000,6.42677000,1746029639999999,603148.91674760,2820,0.41100000,38573.86096820,0
1746029640000000,93816.92000000,93816.92000000,93750.04000000,93750.05000000,15.96901000,1746029699999999,1497513.23076940,2051,0.42897000,40224.91259000,0
1746029700000000,93750.05000000,93758.59000000,93689.65000000,93689.65000000,8.23907000,1746029759999999,772266.23079580,3612,2.79379000,261897.34419190,0
1746029760000000,93689.66000000,93689.66000000,93608.69000000,93608.69000000,7.20642000,1746029819999999,674889.40201140,3240,0.35252000,33021.74302370,0
1746029820000000,93608.69000000,93680.00000000,93580.00000000,93664.98000000,15.18744000,1746029879999999,1421883.85874540,5053,8.29552000,776691.25559890,0
1746029880000000,93664.98000000,93677.62000000,93628.51000000,93639.36000000,6.28670000,1746029939999999,588781.03819920,3355,4.13477000,387238.54630850,0
1746029940000000,93639.35000000,93679.51000000,93639.35000000,93662.12000000,8.01431000,1746029999999999,750614.31450420,1526,6.29006000,589116.43555730,0
1746030000000000,93662.12000000,93673.83000000,93611.82000000,93645.68000000,16.32101000,1746030059999999,1528433.91192600,3670,8.69006000,813720.71985090,0
1746030060000000,93645.68000000,93721.78000000,93635.00000000,93721.78000000,23.66432000,1746030119999999,2216908.19902760,3443,22.65724000,2122553.18078390,0
1746030120000000,93721.78000000,93761.91000000,93696.95000000,93732.01000000,24.08416000,1746030179999999,2257431.01317670,5308,17.49989000,1640270.46850510,0
1746030180000000,93732.01000000,93732.01000000,93666.66000000,93666.66000000,8.41215000,1746030239999999,788136.67843790,3045,4.75413000,445382.97119250,0
1746030240000000,93666.67000000,93692.00000000,93652.17000000,93686.46000000,7.29272000,1746030299999999,683119.76424850,2854,4.45514000,417303.84555800,0
1746030300000000,93686.46000000,93695.58000000,93613.40000000,93624.79000000,25.01979000,1746030359999999,2343275.06875920,3938,4.89626000,458448.87225080,0
1746030360000000,93624.78000000,93652.00000000,93528.71000000,93641.56000000,24.15486000,1746030419999999,2260253.02595570,6657,14.89286000,1393459.83811820,0
1746030420000000,93641.56000000,93718.53000000,93631.35000000,93717.32000000,9.27811000,1746030479999999,869129.98043370,2486,8.43789000,790443.48532710,0
1746030480000000,93717.32000000,93727.86000000,93672.37000000,93675.99000000,13.50082000,1746030539999999,1265099.35563220,3117,4.63935000,434715.99102460,0
1746030540000000,93675.99000000,93730.00000000,93675.99000000,93730.00000000,6.93486000,1746030599999999,649772.46714770,1726,6.34480000,594487.30070150,0
1746030600000000,93729.99000000,93777.38000000,93719.99000000,93761.91000000,8.50388000,1746030659999999,797245.69166750,2542,6.06183000,568289.70480510,0
1746030660000000,93761.91000000,93772.69000000,93720.42000000,93772.69000000,10.84760000,1746030719999999,1016932.16534880,3077,6.53137000,612221.45143120,0
1746030720000000,93772.69000000,93784.00000000,93765.00000000,93765.00000000,7.12562000,1746030779999999,668221.23595070,3070,3.10811000,291464.69556120,0
1746030780000000,93765.01000000,93802.79000000,93765.00000000,93802.79000000,6.85736000,1746030839999999,643128.84108530,2201,5.89273000,552655.27014640,0
1746030840000000,93802.80000000,93809.51000000,93790.27000000,93790.27000000,3.13215000,1746030899999999,293797.16290380,1297,0.97824000,91757.99653900,0
1746030900000000,93790.28000000,93795.02000000,93741.53000000,93754.00000000,12.32033000,1746030959999999,1155251.29797210,3620,6.56917000,615952.46373040,0
1746030960000000,93753.99000000,93796.22000000,93726.57000000,93796.21000000,5.75101000,1746031019999999,539180.84011970,3132,4.05538000,380227.91740540,0
1746031020000000,93796.22000000,93896.83000000,93796.21000000,93896.83000000,5.83592000,1746031079999999,547708.54011220,3951,4.81614000,452001.72638770,0
1746031080000000,93896.82000000,93937.21000000,93896.82000000,93937.21000000,17.30365000,1746031139999999,1624966.57364740,2141,14.53572000,1365037.46326470,0
1746031140000000,93937.21000000,94004.51000000,93919.22000000,94004.50000000,13.55796000,1746031199999999,1274180.57301690,4153,9.61703000,903853.38265670,0
1746031200000000,94004.51000000,94092.22000000,94004.50000000,94092.21000000,11.08978000,1746031259999999,1043040.59083350,3839,8.58135000,807078.47712650,0
1746031260000000,94092.22000000,94170.84000000,94087.15000000,94170.37000000,14.13319000,1746031319999999,1330172.89547610,4642,9.52028000,896032.24738510,0
1746031320000000,94170.37000000,94189.58000000,94126.49000000,94158.14000000,12.99407000,1746031379999999,1223565.84581050,5109,8.86786000,835002.34548600,0
1746031380000000,94158.15000000,94158.15000000,94068.30000000,94082.67000000,16.79567000,1746031439999999,1580484.84819730,3152,6.08985000,572936.06362210,0
1746031440000000,94082.67000000,94096.88000000,94071.38000000,94086.95000000,13.10418000,1746031499999999,1232923.48976820,2510,4.41306000,415175.42543290,0
1746031500000000,94086.96000000,94104.68000000,94071.77000000,94085.61000000,21.30827000,1746031559999999,2004844.77111380,4252,8.56395000,805762.70648000,0
1746031560000000,94085.61000000,94121.42000000,94085.60000000,94110.00000000,7.86497000,1746031619999999,740112.62892600,3439,3.17208000,298485.24783120,0
1746031620000000,94110.00000000,94137.38000000,94070.93000000,94093.59000000,10.40305000,1746031679999999,979015.32631050,3774,4.92453000,463459.34726040,0
1746031680000000,94093.59000000,94093.59000000,94060.72000000,94074.44000000,8.95067000,1746031739999999,841992.07406310,2675,3.36629000,316655.74885270,0
1746031740000000,94074.44000000,94101.06000000,94074.43000000,94092.59000000,4.27578000,1746031799999999,402310.58639130,2231,2.07480000,195217.25797810,0
1746031800000000,94092.59000000,94092.60000000,94062.70000000,94073.36000000,6.58227000,1746031859999999,619237.93134700,2423,2.05460000,193280.27528510,0
1746031860000000,94073.35000000,94083.06000000,94040.00000000,94047.62000000,6.13341000,1746031919999999,576893.84793040,1870,1.31829000,124009.15473750,0
1746031920000000,94047.62000000,94064.80000000,93956.52000000,93956.53000000,9.07817000,1746031979999999,853512.97694660,4200,1.99407000,187524.09075180,0
1746031980000000,93956.53000000,93980.00000000,93956.52000000,93972.33000000,7.30554000,1746032039999999,686499.93238790,1269,1.91434000,179870.59308450,0
1746032040000000,93972.33000000,93972.34000000,93872.28000000,93919.43000000,18.69501000,1746032099999999,1755656.80433050,3388,7.13119000,669612.27114330,0
1746032100000000,93919.42000000,93979.64000000,93919.42000000,93979.63000000,3.64151000,1746032159999999,342120.20655590,1549,2.55945000,240456.81439920,0
1746032160000000,93979.63000000,94000.00000000,93979.63000000,93996.79000000,2.25701000,1746032219999999,212148.41175090,817,0.67341000,63294.28431800,0
1746032220000000,93996.80000000,93996.80000000,93921.32000000,93921.33000000,6.97923000,1746032279999999,655705.74204910,4247,1.81822000,170772.33070580,0
1746032280000000,93921.32000000,93935.20000000,93921.32000000,93926.02000000,4.06956000,1746032339999999,382261.28295830,778,1.71840000,161406.97230940,0
1746032340000000,93926.01000000,93939.99000000,93908.00000000,93939.98000000,16.36270000,1746032399999999,1536793.49721560,1200,5.26432000,494399.86530470,0
1746032400000000,93939.98000000,94019.60000000,93939.98000000,94019.59000000,5.95719000,1746032459999999,559842.24191000,1005,4.84726000,455527.51432960,0
1746032460000000,94019.60000000,94083.05000000,94019.59000000,94054.39000000,11.00149000,1746032519999999,1034729.72297700,1886,5.00176000,470368.08622860,0
1746032520000000,94054.39000000,94071.91000000,94038.00000000,94038.00000000,3.63585000,1746032579999999,341975.78773710,1732,1.56763000,147440.25308620,0
1746032580000000,94038.01000000,94038.01000000,94007.51000000,94007.51000000,2.22172000,1746032639999999,208887.39196190,1559,0.76139000,71579.32712920,0
1746032640000000,94007.51000000,94007.52000000,93984.36000000,93995.65000000,4.44063000,1746032699999999,417388.53564710,1747,1.50756000,141692.65038590,0
1746032700000000,93995.64000000,93995.65000000,93933.96000000,93933.96000000,6.11918000,1746032759999999,575070.52742910,2244,0.14660000,13776.37246870,0
1746032760000000,93933.97000000,93933.97000000,93880.01000000,93880.03000000,7.17771000,1746032819999999,674024.67870600,2083,4.27263000,401217.63869270,0
1746032820000000,93880.03000000,93920.00000000,93870.35000000,93919.99000000,11.39053000,1746032879999999,1069477.37260450,1714,9.63709000,904837.78899920,0
1746032880000000,93920.00000000,93920.00000000,93857.05000000,93857.06000000,6.64101000,1746032939999999,623501.52570770,1979,0.49893000,46836.75679600,0
1746032940000000,93857.05000000,93857.06000000,93830.40000000,93830.40000000,1.59757000,1746032999999999,149923.12906090,1069,0.26680000,25039.66058270,0
1746033000000000,93830.41000000,93830.41000000,93784.16000000,93784.17000000,3.45180000,1746033059999999,323789.62249800,2357,1.04413000,97937.07875700,0
1746033060000000,93784.16000000,93788.86000000,93784.16000000,93784.17000000,5.80697000,1746033119999999,544603.70946810,795,2.63139000,246782.84739980,0
1746033120000000,93784.18000000,93784.18000000,93762.93000000,93773.33000000,4.98379000,1746033179999999,467342.16718990,1367,1.98575000,186196.66219530,0
1746033180000000,93773.34000000,93773.34000000,93752.15000000,93763.29000000,4.96907000,1746033239999999,465906.40180760,1471,2.48392000,232887.55272490,0
1746033240000000,93763.29000000,93809.53000000,93763.28000000,93809.52000000,4.57890000,1746033299999999,429451.20628010,1950,3.25028000,304842.86555090,0
1746033300000000,93809.53000000,93867.16000000,93809.53000000,93867.15000000,4.20631000,1746033359999999,394666.44820290,2340,3.38692000,317790.29113860,0
1746033360000000,93867.15000000,93893.10000000,93867.15000000,93873.43000000,7.61538000,1746033419999999,714961.94295500,2184,5.18762000,487032.21725200,0
1746033420000000,93873.42000000,93883.99000000,93869.28000000,93883.91000000,1.94986000,1746033479999999,183044.39442850,1140,1.47193000,138176.95852340,0
1746033480000000,93883.91000000,93926.78000000,93883.90000000,93926.78000000,4.71371000,1746033539999999,442622.91934590,2048,3.37945000,317334.78320990,0
1746033540000000,93926.78000000,93939.30000000,93886.00000000,93886.01000000,2.91143000,1746033599999999,273440.66634720,2281,0.69370000,65155.06014040,0
1746033600000000,93886.00000000,93906.97000000,93886.00000000,93901.68000000,2.99918000,1746033659999999,281602.90608720,1026,2.13034000,200014.70847510,0
1746033660000000,93901.68000000,93924.82000000,93901.68000000,93913.05000000,3.02408000,1746033719999999,284009.18059550,1225,1.42608000,133922.91589210,0
1746033720000000,93913.05000000,93913.05000000,93869.91000000,93869.91000000,3.07632000,1746033779999999,288879.99672720,2284,0.55785000,52385.05059350,0
1746033780000000,93869.92000000,93878.23000000,93860.00000000,93876.69000000,4.99435000,1746033839999999,468827.09444920,1487,2.10309000,197418.76692130,0
1746033840000000,93876.68000000,93876.69000000,93867.52000000,93876.69000000,2.43673000,1746033899999999,228744.80132110,709,1.30117000,122145.05393150,0
1746033900000000,93876.69000000,93924.81000000,93868.05000000,93924.81000000,4.78300000,1746033959999999,449061.45347120,1886,2.72015000,255402.88036390,0
1746033960000000,93924.82000000,93980.00000000,93924.81000000,93980.00000000,3.95296000,1746034019999999,371402.79287860,1629,3.43687000,322907.72676060,0
1746034020000000,93980.00000000,94000.00000000,93976.54000000,94000.00000000,3.73092000,1746034079999999,350648.07633010,1642,1.32137000,124181.93480290,0
1746034080000000,93999.99000000,94036.63000000,93995.29000000,94036.62000000,7.59482000,1746034139999999,714036.19295820,1943,5.04100000,473945.76844410,0
1746034140000000,94036.63000000,94036.63000000,94036.62000000,94036.62000000,0.96828000,1746034199999999,91053.78376260,192,0.53490000,50300.19338700,0
1746034200000000,94036.62000000,94078.94000000,94028.01000000,94077.58000000,8.11711000,1746034259999999,763463.71160150,1749,6.89829000,648838.92214430,0
1746034260000000,94077.59000000,94083.05000000,94070.14000000,94083.05000000,1.43873000,1746034319999999,135353.70841760,827,0.92411000,86937.73830200,0
1746034320000000,94083.05000000,94083.05000000,94044.00000000,94044.01000000,4.84537000,1746034379999999,455756.61791700,1385,0.20864000,19623.45967110,0
1746034380000000,94044.00000000,94057.99000000,94016.01000000,94023.64000000,7.96935000,1746034439999999,749426.24153060,2688,5.45832000,513272.26427220,0
1746034440000000,94023.65000000,94043.47000000,94000.00000000,94043.46000000,7.61874000,1746034499999999,716285.96742420,2092,3.23868000,304489.67699250,0
1746034500000000,94043.47000000,94100.00000000,94023.67000000,94100.00000000,6.19904000,1746034559999999,583022.53528900,3081,3.76941000,354537.08697280,0
1746034560000000,94100.00000000,94118.59000000,94072.00000000,94107.83000000,16.13239000,1746034619999999,1517967.14490190,4413,10.30403000,969548.47656970,0
1746034620000000,94107.84000000,94155.76000000,94107.83000000,94146.84000000,6.48081000,1746034679999999,610118.96096340,2453,4.64126000,436920.84560430,0
1746034680000000,94146.83000000,94197.02000000,94146.83000000,94195.79000000,9.37264000,1746034739999999,882601.00138690,2179,7.08860000,667525.50111690,0
1746034740000000,94195.78000000,94209.71000000,94117.48000000,94117.49000000,8.92040000,1746034799999999,840076.86937400,3902,2.14437000,201987.67249790,0
1746034800000000,94117.49000000,94153.24000000,94117.48000000,94137.05000000,7.38025000,1746034859999999,694773.38019000,1961,4.52543000,425999.03807390,0
1746034860000000,94137.05000000,94156.53000000,94115.00000000,94152.55000000,5.17188000,1746034919999999,486868.84288940,2724,2.59406000,244218.08187050,0
1746034920000000,94152.56000000,94195.17000000,94152.55000000,94195.17000000,2.54675000,1746034979999999,239836.36772910,1680,2.24132000,211075.61089880,0
1746034980000000,94195.17000000,94254.85000000,94195.16000000,94242.40000000,9.15691000,1746035039999999,862931.49580600,3351,6.80429000,641202.15199100,0
1746035040000000,94242.41000000,94267.14000000,94236.98000000,94267.14000000,8.35725000,1746035099999999,787736.82802670,1407,5.34925000,504218.75023410,0
1746035100000000,94267.13000000,94267.14000000,94200.00000000,94213.48000000,13.03395000,1746035159999999,1228253.96677800,3284,0.55193000,52004.23636830,0
1746035160000000,94213.48000000,94232.01000000,94180.00000000,94192.00000000,9.58402000,1746035219999999,902933.24945390,3646,2.92505000,275595.50596080,0
1746035220000000,94192.01000000,94192.01000000,94158.81000000,94158.82000000,6.15784000,1746035279999999,579952.77369470,1902,1.42487000,134192.40972290,0
1746035280000000,94158.81000000,94179.65000000,94130.93000000,94171.63000000,4.31206000,1746035339999999,406021.87120230,2227,3.06039000,288176.44306440,0
1746035340000000,94171.62000000,94171.62000000,94120.72000000,94143.72000000,52.99277000,1746035399999999,4988741.02416640,2350,4.64727000,437506.27167910,0
1746035400000000,94143.72000000,94178.03000000,94143.72000000,94178.03000000,7.33352000,1746035459999999,690535.86968090,1105,2.65326000,249831.41647780,0
1746035460000000,94178.03000000,94217.42000000,94178.02000000,94188.46000000,12.78381000,1746035519999999,1204222.18831010,1941,7.18990000,677242.99611070,0
1746035520000000,94188.46000000,94188.46000000,94172.47000000,94172.47000000,1.12681000,1746035579999999,106123.01257530,906,0.24848000,23401.59642780,0
1746035580000000,94172.48000000,94172.48000000,94120.00000000,94138.57000000,21.18931000,1746035639999999,1994531.86223620,2530,16.24511000,1529067.44493640,0
1746035640000000,94138.57000000,94182.08000000,94138.57000000,94182.07000000,8.40915000,1746035699999999,791865.00847570,1702,2.11216000,198891.70171820,0
1746035700000000,94182.08000000,94182.08000000,94131.40000000,94131.40000000,4.07668000,1746035759999999,383886.95193730,1906,0.61834000,58229.12071030,0
1746035760000000,94131.39000000,94131.40000000,94075.03000000,94075.03000000,2.36917000,1746035819999999,222916.67855850,1638,0.43115000,40561.22889830,0
1746035820000000,94075.03000000,94114.65000000,94075.03000000,94114.65000000,3.67433000,1746035879999999,345731.73282200,908,3.03543000,285610.50067440,0
1746035880000000,94114.64000000,94119.39000000,94107.53000000,94107.53000000,2.07614000,1746035939999999,195398.66842050,693,0.57415000,54037.63637680,0
1746035940000000,94107.54000000,94107.54000000,94100.38000000,94100.39000000,1.09950000,1746035999999999,103466.01659960,454,0.15367000,14461.01961480,0
1746036000000000,94100.39000000,94107.54000000,94056.22000000,94056.22000000,6.92812000,1746036059999999,651789.83192160,2022,3.74579000,352382.55671480,0
1746036060000000,94056.23000000,94060.01000000,94056.22000000,94060.01000000,0.98535000,1746036119999999,92679.18064960,379,0.69547000,65413.75879580,0
1746036120000000,94060.01000000,94099.58000000,94052.00000000,94099.57000000,5.08826000,1746036179999999,478614.15741960,1666,2.34778000,220843.50659960,0
1746036180000000,94099.58000000,94137.14000000,94084.79000000,94109.17000000,11.32616000,1746036239999999,1065840.70666110,3433,8.13167000,765195.32393130,0
1746036240000000,94109.17000000,94130.44000000,94087.30000000,94130.44000000,2.32989000,1746036299999999,219259.10976280,1467,0.89954000,84656.99257760,0
1746036300000000,94130.44000000,94150.00000000,94130.43000000,94130.44000000,4.13580000,1746036359999999,389341.42718770,1584,1.42885000,134506.45585310,0
1746036360000000,94130.44000000,94130.44000000,94078.77000000,94085.20000000,6.60995000,1746036419999999,621967.17409830,1880,0.80293000,75546.48366900,0
1746036420000000,94085.20000000,94500.00000000,94085.19000000,94354.04000000,106.71560000,1746036479999999,10070152.41036230,18805,72.61353000,6851531.05424520,0
1746036480000000,94354.03000000,94420.00000000,94274.50000000,94296.70000000,14.57399000,1746036539999999,1375195.25169320,7622,6.27231000,591915.69370030,0
1746036540000000,94296.70000000,94314.74000000,94260.86000000,94282.99000000,6.83367000,1746036599999999,644314.99128670,3710,2.90638000,274025.29471830,0
1746036600000000,94282.99000000,94306.26000000,94260.86000000,94274.73000000,10.25472000,1746036659999999,966882.05708170,3182,1.81471000,171092.86066660,0
1746036660000000,94274.73000000,94417.86000000,94274.72000000,94417.85000000,18.52479000,1746036719999999,1748238.20621950,6522,12.72160000,1200592.83146810,0
1746036720000000,94417.86000000,94441.78000000,94398.15000000,94398.15000000,7.61425000,1746036779999999,718981.63705090,3343,3.05390000,288370.30723150,0
1746036780000000,94398.16000000,94415.91000000,94360.00000000,94360.01000000,5.22416000,1746036839999999,493108.37042220,2842,1.13268000,106924.38631360,0
1746036840000000,94360.01000000,94427.77000000,94347.82000000,94360.00000000,7.38817000,1746036899999999,697386.41922770,4814,3.43145000,323879.17585110,0
1746036900000000,94360.00000000,94368.87000000,94323.92000000,94368.86000000,5.37672000,1746036959999999,507234.27341100,3227,3.20301000,302159.03625240,0
1746036960000000,94368.87000000,94368.87000000,94305.58000000,94353.06000000,10.53142000,1746037019999999,993399.79365530,3585,3.25522000,307028.64443770,0
1746037020000000,94353.06000000,94461.12000000,94353.05000000,94428.57000000,14.24929000,1746037079999999,1345624.32704410,3724,4.41643000,416953.40131380,0
1746037080000000,94428.58000000,94459.52000000,94419.61000000,94419.62000000,11.38472000,1746037139999999,1075060.86247410,2972,7.99733000,755164.99166510,0
1746037140000000,94419.61000000,94419.61000000,94402.09000000,94408.05000000,7.35143000,1746037199999999,694008.78807730,1638,5.82505000,549909.39665980,0
1746037200000000,94408.06000000,94449.00000000,94391.30000000,94391.31000000,10.93852000,1746037259999999,1032890.59330460,4065,6.90713000,652207.97989860,0
1746037260000000,94391.30000000,94391.31000000,94300.00000000,94315.43000000,5.91831000,1746037319999999,558230.05604270,3062,2.94373000,277606.87220040,0
1746037320000000,94315.43000000,94322.87000000,94276.00000000,94298.57000000,8.30480000,1746037379999999,783151.49805990,2900,3.60014000,339489.43394820,0
1746037380000000,94298.57000000,94298.57000000,94262.29000000,94276.00000000,5.57014000,1746037439999999,525135.25533130,1522,2.15549000,203210.98987730,0
1746037440000000,94275.99000000,94284.02000000,94275.99000000,94276.00000000,2.68782000,1746037499999999,253405.14885560,932,1.76501000,166401.53710620,0
1746037500000000,94276.00000000,94276.00000000,94243.15000000,94260.87000000,5.31417000,1746037559999999,500923.66569330,2201,1.48580000,140043.50007650,0
1746037560000000,94260.86000000,94295.91000000,94250.40000000,94294.02000000,5.99036000,1746037619999999,564748.88357250,2511,2.57377000,242640.86491230,0
1746037620000000,94294.03000000,94304.35000000,94256.17000000,94256.17000000,5.17447000,1746037679999999,487875.90971190,2788,0.60514000,57060.66066410,0
1746037680000000,94256.17000000,94256.17000000,94217.39000000,94217.39000000,3.47266000,1746037739999999,327241.49992950,1705,0.46730000,44031.07587550,0
1746037740000000,94217.39000000,94240.00000000,94159.82000000,94159.83000000,24.58813000,1746037799999999,2316085.01082680,3024,9.60929000,905041.92599730,0
1746037800000000,94159.83000000,94164.31000000,94135.51000000,94157.73000000,6.17181000,1746037859999999,581070.17985510,3260,2.79721000,263351.99263810,0
1746037860000000,94157.74000000,94188.67000000,94130.43000000,94188.66000000,3.90704000,1746037919999999,367871.23234900,3428,1.52727000,143810.84628040,0
1746037920000000,94188.67000000,94197.40000000,94163.68000000,94195.99000000,4.79724000,1746037979999999,451839.58373880,2010,1.36143000,128222.03487900,0
1746037980000000,94195.99000000,94196.00000000,94167.90000000,94167.91000000,2.70430000,1746038039999999,254700.93709240,1268,0.25521000,24036.34896810,0
1746038040000000,94167.91000000,94167.91000000,94144.18000000,94144.18000000,2.65713000,1746038099999999,250179.16515200,1556,0.56425000,53122.60447270,0
1746038100000000,94144.18000000,94159.99000000,94123.39000000,94157.84000000,12.93136000,1746038159999999,1217282.55741600,4879,6.43095000,605357.18830080,0
1746038160000000,94157.84000000,94161.72000000,94105.60000000,94108.40000000,9.89378000,1746038219999999,931369.14878130,2526,0.69969000,65852.95509050,0
1746038220000000,94110.31000000,94119.38000000,94095.43000000,94110.68000000,7.27293000,1746038279999999,684373.50768360,1563,1.88813000,177675.22884770,0
1746038280000000,94110.68000000,94130.06000000,94107.28000000,94107.29000000,3.52622000,1746038339999999,331892.30298810,1796,1.29544000,121921.37898130,0
1746038340000000,94107.28000000,94107.29000000,94076.81000000,94076.81000000,3.70474000,1746038399999999,348601.05380820,1648,0.16961000,15960.04493330,0
1746038400000000,94076.82000000,94096.46000000,94062.84000000,94084.69000000,6.08908000,1746038459999999,572860.16156720,2236,1.07262000,100911.66112680,0
1746038460000000,94084.69000000,94084.69000000,94009.12000000,94012.09000000,21.26880000,1746038519999999,2000192.88472150,2448,2.28203000,214543.67773220,0
1746038520000000,94012.08000000,94033.98000000,94012.08000000,94033.98000000,1.67559000,1746038579999999,157548.22768750,1136,1.04993000,98718.70243550,0
1746038580000000,94033.97000000,94076.50000000,94033.97000000,94076.49000000,9.92487000,1746038639999999,933527.82650210,1855,8.73494000,821608.49238290,0
1746038640000000,94076.50000000,94076.50000000,94074.04000000,94074.04000000,1.73053000,1746038699999999,162801.10058670,418,0.36031000,33896.02413400,0
1746038700000000,94074.04000000,94086.96000000,94037.59000000,94086.96000000,7.67111000,1746038759999999,721559.87585780,4178,2.66458000,250624.90972420,0
1746038760000000,94086.96000000,94129.82000000,94086.95000000,94129.82000000,2.25056000,1746038819999999,211792.83257610,1792,1.65926000,156151.81694370,0
1746038820000000,94129.81000000,94173.92000000,94129.81000000,94137.97000000,6.89671000,1746038879999999,649305.32953140,2692,5.17423000,487124.93790270,0
1746038880000000,94137.97000000,94137.97000000,94118.22000000,94123.89000000,2.29296000,1746038939999999,215819.94453930,1898,1.11000000,104473.42810240,0
1746038940000000,94123.89000000,94180.00000000,94123.89000000,94167.70000000,1.86804000,1746038999999999,175886.28473830,1873,1.23550000,116320.72621040,0
1746039000000000,94167.69000000,94167.70000000,94130.43000000,94132.48000000,3.77325000,1746039059999999,355192.30746410,1739,1.77537000,167118.10863130,0
1746039060000000,94132.49000000,94178.63000000,94130.00000000,94178.63000000,3.39042000,1746039119999999,319190.63124520,2755,1.13319000,106700.82695820,0
1746039120000000,94178.63000000,94178.63000000,94140.41000000,94140.42000000,1.39484000,1746039179999999,131332.29727280,1586,0.20057000,18884.57768180,0
1746039180000000,94140.41000000,94172.19000000,94130.00000000,94143.55000000,4.86694000,1746039239999999,458183.34216040,2453,3.61628000,340426.26624920,0
1746039240000000,94143.55000000,94143.57000000,94130.00000000,94130.01000000,2.46300000,1746039299999999,231870.61089600,1207,0.85928000,80895.51680160,0
1746039300000000,94130.01000000,94172.18000000,94130.00000000,94172.18000000,4.14903000,1746039359999999,390613.40894070,2245,2.76233000,260037.67173030,0
1746039360000000,94172.18000000,94172.19000000,94100.00000000,94100.01000000,7.32859000,1746039419999999,689811.05760550,2787,0.51946000,48902.24136690,0
1746039420000000,94100.01000000,94100.01000000,94055.53000000,94062.49000000,5.96126000,1746039479999999,560811.64154530,1593,1.10188000,103644.54957410,0
1746039480000000,94062.50000000,94086.96000000,94062.49000000,94086.96000000,9.21043000,1746039539999999,866503.76824660,737,4.92038000,462867.87674460,0
1746039540000000,94086.95000000,94086.96000000,94068.02000000,94078.24000000,6.90699000,1746039599999999,649801.12954930,1378,0.36775000,34594.88018430,0
1746039600000000,94078.23000000,94128.80000000,94078.23000000,94128.79000000,3.98999000,1746039659999999,375540.09323410,1767,0.94625000,89047.00560830,0
1746039660000000,94128.80000000,94168.96000000,94126.63000000,94142.86000000,2.94652000,1746039719999999,277411.68454550,2380,1.13878000,107207.09143000,0
1746039720000000,94142.85000000,94142.86000000,94085.71000000,94135.37000000,4.80513000,1746039779999999,452169.32033870,3467,2.65321000,249647.44451310,0
1746039780000000,94135.37000000,94135.37000000,94109.49000000,94128.00000000,2.00364000,1746039839999999,188592.26524970,1505,0.63480000,59748.53214920,0
1746039840000000,94128.00000000,94138.53000000,94111.32000000,94111.32000000,3.67610000,1746039899999999,346032.60581830,1472,0.65166000,61340.51188640,0
1746039900000000,94111.32000000,94167.49000000,94111.32000000,94142.86000000,2.65143000,1746039959999999,249625.67469280,2209,0.92843000,87406.74225160,0
1746039960000000,94142.85000000,94144.03000000,94095.58000000,94113.20000000,2.84885000,1746040019999999,268131.89504030,3012,0.98416000,92619.89219540,0
1746040020000000,94113.20000000,94113.20000000,94039.11000000,94039.11000000,3.83271000,1746040079999999,360550.81461520,2567,0.18373000,17281.67152510,0
1746040080000000,94039.11000000,94078.89000000,94030.00000000,94069.47000000,8.91194000,1746040139999999,838298.77797920,3203,1.88124000,176923.19247760,0
1746040140000000,94069.47000000,94086.96000000,94069.47000000,94073.53000000,3.52567000,1746040199999999,331678.49198670,1548,1.60604000,151085.90827510,0
1746040200000000,94073.53000000,94073.54000000,94051.79000000,94051.79000000,1.63483000,1746040259999999,153778.62323920,2201,0.26665000,25082.24316160,0
1746040260000000,94051.79000000,94064.78000000,94050.33000000,94064.77000000,1.92262000,1746040319999999,180836.61183910,1110,1.24040000,116667.06646690,0
1746040320000000,94064.77000000,94106.23000000,94064.77000000,94097.56000000,12.31619000,1746040379999999,1158884.03334570,2227,1.31719000,123929.75597690,0
1746040380000000,94097.56000000,94097.57000000,94076.05000000,94076.05000000,2.18871000,1746040439999999,205935.93803340,1862,0.60199000,56643.33519690,0
1746040440000000,94076.05000000,94113.19000000,94074.14000000,94101.50000000,4.19887000,1746040499999999,395054.96524630,1924,3.08386000,290129.73288880,0
1746040500000000,94101.51000000,94110.00000000,94065.24000000,94065.25000000,8.96272000,1746040559999999,843327.07040540,2306,1.19529000,112471.77238070,0
1746040560000000,94065.24000000,94096.88000000,94033.45000000,94033.45000000,4.86873000,1746040619999999,457973.95217170,4257,0.72546000,68250.31482920,0
1746040620000000,94033.37000000,94039.99000000,93956.52000000,93956.52000000,19.23971000,1746040679999999,1808472.28899370,5492,0.52647000,49499.36520020,0
1746040680000000,93956.52000000,93974.39000000,93956.51000000,93956.52000000,8.03162000,1746040739999999,754663.81566720,1762,3.65058000,343018.01307210,0
1746040740000000,93956.53000000,93960.70000000,93947.57000000,93954.42000000,4.63095000,1746040799999999,435101.85461480,2258,1.38942000,130539.48596510,0
1746040800000000,93954.42000000,93977.15000000,93942.22000000,93977.13000000,4.01105000,1746040859999999,376901.42858200,2069,1.40937000,132418.94472140,0
1746040860000000,93977.13000000,93996.00000000,93960.01000000,93995.99000000,2.79104000,1746040919999999,262284.31016010,2202,1.10354000,103696.97462810,0
1746040920000000,93995.99000000,94009.01000000,93940.00000000,93940.00000000,4.72345000,1746040979999999,443905.23255610,5148,1.46443000,137637.16129530,0
1746040980000000,93940.00000000,93940.00000000,93872.43000000,93872.94000000,13.10050000,1746041039999999,1230051.39360390,5454,1.90702000,179040.30604120,0
1746041040000000,93872.93000000,93876.00000000,93864.08000000,93875.99000000,2.60056000,1746041099999999,244108.72674070,1286,1.08184000,101550.54246390,0
1746041100000000,93875.99000000,93875.99000000,93795.21000000,93795.22000000,7.89450000,1746041159999999,740740.61525160,4987,2.00733000,188342.06499160,0
1746041160000000,93795.21000000,93815.56000000,93775.66000000,93783.42000000,9.87975000,1746041219999999,926623.59303080,3632,3.12403000,293016.26048320,0
1746041220000000,93783.43000000,93783.43000000,93757.63000000,93770.45000000,5.52331000,1746041279999999,517907.30357400,2534,2.48784000,233272.30890940,0
1746041280000000,93770.46000000,93820.00000000,93766.36000000,93819.99000000,7.54003000,1746041339999999,707194.57265100,3109,2.61185000,244970.07378490,0
1746041340000000,93819.99000000,93836.78000000,93797.90000000,93797.90000000,4.39660000,1746041399999999,412495.42606490,2256,1.63836000,153727.10637250,0
1746041400000000,93797.91000000,93814.96000000,93774.42000000,93783.88000000,5.63018000,1746041459999999,528048.62075790,2795,3.18967000,299143.25455310,0
1746041460000000,93783.88000000,93839.83000000,93783.88000000,93835.71000000,3.07969000,1746041519999999,288896.76889740,2326,1.86491000,174936.91713440,0
1746041520000000,93835.70000000,93869.57000000,93826.11000000,93829.85000000,27.14304000,1746041579999999,2547378.88305250,3065,3.92750000,368587.72908250,0
1746041580000000,93829.85000000,93847.99000000,93815.77000000,93815.77000000,3.14425000,1746041639999999,295026.74629770,3130,0.79270000,74382.36163000,0
1746041640000000,93815.78000000,93826.09000000,93790.30000000,93821.39000000,7.59502000,1746041699999999,712457.27805100,2045,2.37743000,223010.02747990,0
1746041700000000,93821.40000000,93878.23000000,93814.19000000,93878.23000000,4.65556000,1746041759999999,436860.98358270,1461,2.81537000,264181.54636380,0
1746041760000000,93878.23000000,93908.50000000,93878.22000000,93901.65000000,7.37137000,1746041819999999,692167.34809410,681,0.80838000,75896.86459650,0
1746041820000000,93901.65000000,93951.84000000,93896.24000000,93951.84000000,4.27974000,1746041879999999,401915.36883400,899,3.29106000,309055.73133590,0
1746041880000000,93951.83000000,93951.85000000,93908.49000000,93908.49000000,4.49528000,1746041939999999,422287.90967030,1844,2.09064000,196414.74319360,0
1746041940000000,93908.49000000,93908.50000000,93860.55000000,93869.56000000,5.27924000,1746041999999999,495626.59260360,2060,1.34830000,126564.02777240,0
1746042000000000,93869.56000000,93913.05000000,93869.56000000,93905.57000000,3.08590000,1746042059999999,289731.59246350,1434,1.68226000,157931.41145300,0
1746042060000000,93905.57000000,93932.00000000,93904.70000000,93931.99000000,5.36854000,1746042119999999,504144.68977760,1159,4.67148000,438684.37286590,0
1746042120000000,93931.99000000,93955.48000000,93931.99000000,93942.17000000,2.76813000,1746042179999999,260055.07924770,1208,1.83453000,172345.39375890,0
1746042180000000,93942.16000000,93942.17000000,93927.09000000,93927.10000000,3.36368000,1746042239999999,315971.34728310,537,0.84226000,79112.33993770,0
1746042240000000,93927.09000000,93946.59000000,93927.09000000,93946.58000000,1.81503000,1746042299999999,170496.75666720,848,0.86188000,80961.29543300,0
1746042300000000,93946.58000000,93984.00000000,93946.58000000,93983.99000000,2.70786000,1746042359999999,254447.81748200,1797,1.15447000,108477.77052920,0
1746042360000000,93983.99000000,93994.72000000,93983.99000000,93994.72000000,2.88041000,1746042419999999,270726.08140180,996,0.59643000,56057.11249500,0
1746042420000000,93994.71000000,94028.62000000,93994.71000000,94019.41000000,6.53314000,1746042479999999,614156.47741300,1450,4.79927000,451131.06174860,0
1746042480000000,94019.41000000,94060.00000000,94019.41000000,94059.99000000,2.99566000,1746042539999999,281731.26164670,889,2.19718000,206632.10572140,0
1746042540000000,94060.00000000,94060.00000000,94041.31000000,94041.31000000,3.57724000,1746042599999999,336439.89298360,1569,0.31936000,30035.27717230,0
1746042600000000,94041.31000000,94064.00000000,94039.17000000,94058.43000000,6.71832000,1746042659999999,631827.58027690,1298,4.85388000,456478.16947600,0
1746042660000000,94058.44000000,94066.97000000,94046.97000000,94046.97000000,11.57358000,1746042719999999,1088496.55320400,1470,0.57470000,54053.56787700,0
1746042720000000,94046.97000000,94058.22000000,94040.72000000,94058.22000000,4.27816000,1746042779999999,402338.96692960,789,2.09825000,197327.75157550,0
1746042780000000,94058.22000000,94081.27000000,94055.77000000,94055.78000000,7.03349000,1746042839999999,661639.08632380,1964,1.39410000,131145.62692320,0
1746042840000000,94055.77000000,94066.08000000,94048.00000000,94058.65000000,1.56949000,1746042899999999,147620.47290900,1233,0.42482000,39955.50769340,0
1746042900000000,94058.65000000,94160.34000000,94039.07000000,94160.34000000,22.13724000,1746042959999999,2083257.82452010,3963,17.76120000,1671649.82735980,0
1746042960000000,94160.33000000,94266.36000000,94155.98000000,94232.14000000,22.83056000,1746043019999999,2151244.01464260,6384,14.22626000,1340463.26108050,0
1746043020000000,94232.14000000,94232.14000000,94187.78000000,94215.81000000,9.43009000,1746043079999999,888300.86351840,3277,6.63242000,624747.14289020,0
1746043080000000,94215.80000000,94215.81000000,94147.35000000,94147.35000000,28.70873000,1746043139999999,2704017.10914750,3294,12.75137000,1201091.37429110,0
1746043140000000,94147.35000000,94188.00000000,94111.81000000,94152.01000000,40.40778000,1746043199999999,3804502.01386920,8707,25.53128000,2403758.33661450,0
1746043200000000,94152.01000000,94251.36000000,94109.46000000,94190.17000000,58.47502000,1746043259999999,5507117.80745970,9265,29.74260000,2801102.26951520,0
1746043260000000,94190.16000000,94235.83000000,94144.18000000,94235.40000000,25.31386000,1746043319999999,2384500.35930490,6101,9.69234000,912928.58176970,0
1746043320000000,94235.40000000,94301.56000000,94221.46000000,94301.56000000,63.82557000,1746043379999999,6016824.40625530,3748,34.98847000,3298274.46978960,0
1746043380000000,94301.56000000,94301.56000000,94245.65000000,94279.00000000,25.83197000,1746043439999999,2435339.37519600,3197,13.50530000,1273157.60913330,0
1746043440000000,94278.99000000,94314.50000000,94272.91000000,94288.13000000,9.07777000,1746043499999999,855996.63025690,2634,6.27471000,591665.81998840,0
1746043500000000,94288.13000000,94322.37000000,94240.00000000,94276.60000000,20.83651000,1746043559999999,1964751.33849760,3141,9.71376000,915942.28667330,0
1746043560000000,94276.60000000,94363.27000000,94276.60000000,94359.99000000,12.65443000,1746043619999999,1193679.33658460,1958,8.37072000,789590.50335270,0
1746043620000000,94360.00000000,94375.00000000,94312.03000000,94374.99000000,9.60641000,1746043679999999,906299.10980610,4377,6.11425000,576835.38417880,0
1746043680000000,94375.00000000,94440.00000000,94368.31000000,94436.75000000,59.64245000,1746043739999999,5630821.02866780,3658,49.31679000,4656009.38873720,0
1746043740000000,94436.37000000,94450.39000000,94424.43000000,94424.43000000,10.55103000,1746043799999999,996384.11475890,1407,6.73938000,636425.95329860,0
1746043800000000,94424.43000000,94472.74000000,94424.43000000,94458.06000000,22.83073000,1746043859999999,2156304.21334490,3393,14.54574000,1373722.70415730,0
1746043860000000,94458.07000000,94480.00000000,94445.72000000,94479.99000000,7.67156000,1746043919999999,724727.52999970,2143,5.13839000,485425.76335990,0
1746043920000000,94479.99000000,94538.51000000,94479.99000000,94534.99000000,40.01389000,1746043979999999,3781772.02071580,3808,29.22718000,2762269.11846940,0
1746043980000000,94534.99000000,94654.00000000,94534.99000000,94635.49000000,51.52750000,1746044039999999,4874726.03887170,5672,40.64396000,3844979.05208820,0
1746044040000000,94635.50000000,94680.00000000,94627.04000000,94638.60000000,78.78466000,1746044099999999,7457303.60600920,4924,64.29462000,6085581.03199840,0
1746044100000000,94638.60000000,94649.00000000,94553.56000000,94570.01000000,48.12907000,1746044159999999,4554687.42689600,4861,37.94527000,3591227.99605760,0
1746044160000000,94570.01000000,94619.05000000,94528.73000000,94575.97000000,16.02220000,1746044219999999,1515243.83343880,4625,11.84245000,1119954.65410990,0
1746044220000000,94575.98000000,94590.65000000,94540.00000000,94555.26000000,14.78781000,1746044279999999,1398295.38184850,2554,1.64829000,155860.69672120,0
1746044280000000,94555.26000000,94594.67000000,94555.26000000,94591.99000000,21.87142000,1746044339999999,2068751.54459980,2133,19.48498000,1843024.38977240,0
1746044340000000,94591.99000000,94591.99000000,94502.86000000,94502.86000000,10.53202000,1746044399999999,995581.65656910,2451,0.96824000,91517.35759460,0
1746044400000000,94502.86000000,94523.07000000,94491.80000000,94523.06000000,9.09027000,1746044459999999,859066.89635850,1592,5.59985000,529212.48167740,0
1746044460000000,94523.07000000,94543.09000000,94516.68000000,94516.68000000,3.03791000,1746044519999999,287188.07927320,1651,1.68266000,159070.72968920,0
1746044520000000,94516.68000000,94516.69000000,94488.55000000,94488.56000000,3.44532000,1746044579999999,325589.40918170,1371,0.17989000,17001.61232860,0
1746044580000000,94488.56000000,94538.55000000,94484.00000000,94538.54000000,13.57444000,1746044639999999,1282693.40476840,1778,8.31517000,785748.56624330,0
1746044640000000,94538.54000000,94642.40000000,94523.80000000,94605.01000000,17.23009000,1746044699999999,1629518.87520830,4865,9.27428000,877047.42348540,0
1746044700000000,94605.00000000,94654.86000000,94591.23000000,94654.86000000,6.76351000,1746044759999999,639920.63314330,2933,5.33531000,504803.04421880,0
1746044760000000,94654.86000000,94701.60000000,94654.85000000,94670.63000000,9.49527000,1746044819999999,899073.20351490,2810,5.45218000,516260.42894190,0
1746044820000000,94670.64000000,94682.00000000,94670.63000000,94681.99000000,2.22945000,1746044879999999,211084.94099730,614,1.23207000,116651.89219030,0
1746044880000000,94681.99000000,94719.22000000,94681.99000000,94706.37000000,17.07177000,1746044939999999,1616809.70340310,1918,13.12453000,1242964.94577040,0
1746044940000000,94706.37000000,94739.14000000,94695.63000000,94707.33000000,23.68430000,1746044999999999,2243249.94507030,2717,8.87806000,840939.16043340,0
1746045000000000,94707.33000000,94726.77000000,94682.13000000,94682.13000000,13.02973000,1746045059999999,1234025.84962360,2339,2.99825000,283962.55562460,0
1746045060000000,94682.13000000,94682.77000000,94627.82000000,94627.83000000,8.89325000,1746045119999999,841815.10140960,3231,1.37521000,130191.67120460,0
1746045120000000,94627.82000000,94632.00000000,94608.69000000,94608.69000000,6.84900000,1746045179999999,648052.52018910,1476,2.42388000,229348.30090820,0
1746045180000000,94608.69000000,94678.49000000,94604.57000000,94678.48000000,7.77219000,1746045239999999,735525.06065870,2549,6.39294000,605007.67403680,0
1746045240000000,94678.49000000,94678.49000000,94661.04000000,94666.96000000,3.26821000,1746045299999999,309405.43163800,1128,0.15859000,15012.72101480,0
1746045300000000,94666.97000000,94685.38000000,94638.72000000,94638.72000000,4.23476000,1746045359999999,400900.55497630,3166,0.58924000,55784.04672660,0
1746045360000000,94638.72000000,94642.21000000,94600.00000000,94600.01000000,3.58966000,1746045419999999,339685.15543930,2909,0.43653000,41310.28996940,0
1746045420000000,94600.01000000,94600.01000000,94565.21000000,94598.65000000,15.72130000,1746045479999999,1486980.40115970,915,3.13029000,296063.31295000,0
1746045480000000,94598.65000000,94598.66000000,94562.31000000,94562.32000000,4.32489000,1746045539999999,409032.20461470,1516,0.80001000,75655.61236380,0
1746045540000000,94562.32000000,94566.00000000,94534.95000000,94534.95000000,4.03166000,1746045599999999,381243.80747190,1552,1.58323000,149717.34317480,0
1746045600000000,94534.95000000,94564.81000000,94521.73000000,94564.80000000,2.73631000,1746045659999999,258683.54541380,1337,1.97496000,186705.82827570,0
1746045660000000,94564.81000000,94564.81000000,94532.68000000,94532.68000000,6.01967000,1746045719999999,569148.34121870,908,3.26266000,308464.27802460,0
1746045720000000,94532.68000000,94532.68000000,94527.40000000,94527.41000000,2.55156000,1746045779999999,241194.72823820,337,0.17038000,16105.58011580,0
1746045780000000,94527.41000000,94561.78000000,94527.40000000,94542.92000000,4.97682000,1746045839999999,470540.77107820,1332,1.75313000,165747.41948620,0
1746045840000000,94542.91000000,94599.99000000,94536.88000000,94599.98000000,4.60385000,1746045899999999,435341.39674780,2031,3.53497000,334286.99913760,0
1746045900000000,94599.98000000,94619.05000000,94590.68000000,94619.04000000,3.69327000,1746045959999999,349382.98267030,1305,2.56683000,242820.30540430,0
1746045960000000,94619.04000000,94619.04000000,94588.31000000,94588.32000000,3.77973000,1746046019999999,357602.91487700,1925,0.28336000,26809.36689550,0
1746046020000000,94588.32000000,94596.61000000,94565.25000000,94596.61000000,4.99879000,1746046079999999,472751.81653310,2090,2.21339000,209327.53705470,0
1746046080000000,94596.61000000,94596.61000000,94579.00000000,94579.01000000,1.66914000,1746046139999999,157882.49235230,965,0.16033000,15165.92491840,0
1746046140000000,94579.00000000,94579.01000000,94579.00000000,94579.00000000,1.02681000,1746046199999999,97114.66466440,201,0.16744000,15836.30943440,0
1746046200000000,94579.01000000,94618.00000000,94571.99000000,94616.96000000,3.04480000,1746046259999999,287994.70330180,1595,2.28931000,216529.86474030,0
1746046260000000,94616.95000000,94672.77000000,94616.95000000,94672.76000000,5.48440000,1746046319999999,519130.58890930,1647,1.88285000,178194.80444660,0
1746046320000000,94672.77000000,94700.00000000,94672.77000000,94699.91000000,23.96545000,1746046379999999,2269109.43536830,921,22.64619000,2144175.55720170,0
1746046380000000,94699.90000000,94699.90000000,94680.18000000,94680.18000000,2.41668000,1746046439999999,228832.04044390,1167,0.23122000,21893.26941570,0
1746046440000000,94680.18000000,94680.19000000,94650.00000000,94650.00000000,7.87502000,1746046499999999,745516.06502980,1349,1.07148000,101446.52974560,0
1746046500000000,94650.00000000,94650.01000000,94648.96000000,94648.97000000,1.27980000,1746046559999999,121132.18956970,278,0.86196000,81583.66726120,0
1746046560000000,94648.97000000,94673.76000000,94648.96000000,94669.48000000,5.82277000,1746046619999999,551170.08969540,946,4.75625000,450199.47060420,0
1746046620000000,94669.48000000,94669.48000000,94600.00000000,94600.01000000,8.23201000,1746046679999999,779108.90523170,1809,0.21465000,20306.49785080,0
1746046680000000,94600.01000000,94600.01000000,94574.54000000,94574.54000000,4.26694000,1746046739999999,403607.13254490,821,0.30331000,28690.34643810,0
1746046740000000,94574.54000000,94574.55000000,94540.00000000,94555.99000000,12.99880000,1746046799999999,1229073.08098000,1685,3.64270000,344388.58655130,0
1746046800000000,94556.00000000,94592.96000000,94555.99000000,94592.96000000,1.36547000,1746046859999999,129140.16582570,1211,1.24402000,117653.20895820,0
1746046860000000,94592.96000000,94592.96000000,94574.04000000,94574.05000000,2.49531000,1746046919999999,236033.86115100,668,0.76162000,72041.50883180,0
1746046920000000,94574.04000000,94700.00000000,94574.04000000,94663.17000000,9.58514000,1746046979999999,907310.38101770,3164,7.91109000,748812.06141500,0
1746046980000000,94663.18000000,94671.50000000,94607.75000000,94607.75000000,18.68482000,1746047039999999,1768527.02007500,1164,1.68489000,159492.32385960,0
1746047040000000,94607.75000000,94617.90000000,94607.75000000,94617.89000000,2.60251000,1746047099999999,246228.46295070,407,2.23246000,211217.54716740,0
1746047100000000,94617.89000000,94714.29000000,94617.89000000,94689.00000000,17.09279000,1746047159999999,1618567.05141780,3003,9.87826000,935323.24500000,0
1746047160000000,94689.00000000,94752.00000000,94689.00000000,94712.01000000,17.69319000,1746047219999999,1675988.45710390,3397,14.98123000,1419090.64473500,0
1746047220000000,94712.00000000,94784.10000000,94712.00000000,94740.00000000,21.93716000,1746047279999999,2078700.11572940,3750,16.00711000,1516694.76103530,0
1746047280000000,94740.00000000,94740.01000000,94652.17000000,94652.17000000,12.33042000,1746047339999999,1168078.29925700,2506,0.78639000,74502.39337890,0
1746047340000000,94652.17000000,94652.18000000,94545.97000000,94558.00000000,13.16034000,1746047399999999,1245210.59796550,2448,3.12069000,295236.02520920,0
1746047400000000,94557.99000000,94558.00000000,94557.99000000,94557.99000000,2.13199000,1746047459999999,201596.69058650,170,0.14864000,14055.10112000,0
1746047460000000,94557.99000000,94558.00000000,94500.00000000,94500.01000000,11.55070000,1746047519999999,1091976.07011020,1137,1.04662000,98926.84619700,0
1746047520000000,94500.01000000,94532.48000000,94481.48000000,94532.48000000,8.29216000,1746047579999999,783619.65247620,2074,7.05252000,666472.48856410,0
1746047580000000,94532.48000000,94532.49000000,94532.48000000,94532.48000000,2.87803000,1746047639999999,272067.31918600,247,0.57716000,54560.37192840,0
1746047640000000,94532.49000000,94565.23000000,94532.48000000,94565.23000000,3.90884000,1746047699999999,369569.78138280,1314,3.08600000,291774.71188200,0
1746047700000000,94565.23000000,94609.95000000,94565.22000000,94609.95000000,5.17447000,1746047759999999,489464.84423570,1683,4.15407000,392925.10141680,0
1746047760000000,94609.94000000,94609.95000000,94609.94000000,94609.95000000,1.28857000,1746047819999999,121911.53688240,184,0.64966000,61464.30011700,0
1746047820000000,94609.94000000,94641.66000000,94588.92000000,94641.65000000,5.35744000,1746047879999999,506841.68178340,1324,2.92894000,277089.59240530,0
1746047880000000,94641.66000000,94641.66000000,94641.65000000,94641.65000000,0.91855000,1746047939999999,86933.08981220,164,0.22047000,20865.64678020,0
1746047940000000,94641.65000000,94660.00000000,94641.65000000,94659.99000000,1.99923000,1746047999999999,189220.90737940,574,0.69980000,66234.52919050,0
1746048000000000,94660.00000000,94684.45000000,94659.99000000,94674.26000000,8.14268000,1746048059999999,770952.67317330,1094,5.23311000,495471.57998900,0
1746048060000000,94674.27000000,94674.27000000,94666.66000000,94666.67000000,1.69429000,1746048119999999,160397.79723150,476,0.20625000,19525.01074250,0
1746048120000000,94666.66000000,94666.67000000,94666.66000000,94666.67000000,1.46911000,1746048179999999,139075.74738160,142,1.05090000,99485.20350300,0
1746048180000000,94666.67000000,94666.67000000,94666.66000000,94666.67000000,0.48337000,1746048239999999,45759.02510910,121,0.16649000,15761.05388830,0
1746048240000000,94666.66000000,94676.41000000,94666.66000000,94668.00000000,5.11424000,1746048299999999,484160.52437700,753,3.94162000,373146.21092170,0
1746048300000000,94668.00000000,94668.01000000,94639.84000000,94639.84000000,4.18991000,1746048359999999,396611.85830540,1250,0.67230000,63645.01388850,0
1746048360000000,94639.84000000,94639.85000000,94639.84000000,94639.84000000,0.58118000,1746048419999999,55002.78392020,222,0.17090000,16173.95036500,0
1746048420000000,94639.84000000,94639.85000000,94634.15000000,94634.16000000,1.91336000,1746048479999999,181075.94918880,427,0.10219000,9670.89972100,0
1746048480000000,94634.15000000,94634.16000000,94624.26000000,94624.26000000,1.23343000,1746048539999999,116721.29857190,682,0.07349000,6954.37788120,0
1746048540000000,94624.27000000,94624.27000000,94622.06000000,94622.07000000,0.34564000,1746048599999999,32705.28926610,260,0.10488000,9923.98550550,0
1746048600000000,94622.07000000,94636.00000000,94622.07000000,94636.00000000,3.71076000,1746048659999999,351132.06012940,668,3.59916000,340571.55030930,0
1746048660000000,94636.00000000,94636.00000000,94635.99000000,94636.00000000,1.15217000,1746048719999999,109036.75050740,161,0.19091000,18066.95876000,0
1746048720000000,94635.99000000,94636.00000000,94635.99000000,94635.99000000,2.59877000,1746048779999999,245937.18904980,258,1.73175000,163885.89300000,0
1746048780000000,94636.00000000,94636.00000000,94584.53000000,94584.53000000,9.04518000,1746048839999999,855830.60930250,1609,1.48425000,140454.22737230,0
1746048840000000,94584.54000000,94584.54000000,94523.82000000,94523.82000000,4.36954000,1746048899999999,413112.91688250,2001,0.19160000,18114.05387840,0
1746048900000000,94523.81000000,94559.68000000,94521.73000000,94559.67000000,6.71910000,1746048959999999,635209.18160840,1309,4.47138000,422687.54558700,0
1746048960000000,94559.67000000,94559.68000000,94559.67000000,94559.67000000,0.59383000,1746049019999999,56152.37049990,131,0.16638000,15732.83955840,0
1746049020000000,94559.67000000,94559.68000000,94547.83000000,94547.83000000,2.85781000,1746049079999999,270225.70384080,376,0.41759000,39486.84560640,0
1746049080000000,94547.84000000,94547.84000000,94547.83000000,94547.83000000,0.40642000,1746049139999999,38426.12980400,131,0.07354000,6953.04815360,0
1746049140000000,94547.83000000,94547.84000000,94540.02000000,94540.02000000,2.53876000,1746049199999999,240018.54071640,336,0.41598000,39329.13873100,0
1746049200000000,94540.03000000,94565.21000000,94508.64000000,94565.20000000,10.42474000,1746049259999999,985457.14561470,2388,4.56164000,431178.39374020,0
1746049260000000,94565.20000000,94565.21000000,94504.32000000,94511.62000000,3.81409000,1746049319999999,360545.73490780,2665,1.17317000,110879.38550680,0
1746049320000000,94511.62000000,94565.22000000,94511.62000000,94565.22000000,4.37065000,1746049379999999,413213.69819070,2883,2.53674000,239814.19008830,0
1746049380000000,94565.22000000,94573.72000000,94562.57000000,94562.57000000,3.59515000,1746049439999999,339990.09283460,1049,1.72508000,163138.10611800,0
1746049440000000,94562.57000000,94573.77000000,94482.80000000,94482.81000000,5.71230000,1746049499999999,540034.45378130,3372,1.71676000,162315.94347920,0
1746049500000000,94482.81000000,94482.81000000,94464.89000000,94464.90000000,2.89692000,1746049559999999,273690.45150260,807,0.26344000,24886.19013820,0
1746049560000000,94464.89000000,94552.41000000,94464.89000000,94481.40000000,10.12422000,1746049619999999,956888.74478720,4755,5.11038000,482930.05030570,0
1746049620000000,94481.39000000,94537.64000000,94481.39000000,94481.69000000,3.81663000,1746049679999999,360651.00147710,2275,2.93013000,276867.69309840,0
1746049680000000,94481.69000000,94541.56000000,94481.69000000,94504.32000000,4.13379000,1746049739999999,390746.17109710,2713,1.63439000,154463.78725210,0
1746049740000000,94504.32000000,94507.02000000,94498.00000000,94507.02000000,0.98723000,1746049799999999,93295.30048480,669,0.39853000,37661.63653000,0
1746049800000000,94507.01000000,94549.70000000,94507.01000000,94549.69000000,2.55488000,1746049859999999,241517.56215470,1345,2.20825000,208755.05487220,0
1746049860000000,94549.69000000,94549.70000000,94549.69000000,94549.69000000,0.36862000,1746049919999999,34852.90917540,140,0.24476000,23141.98457200,0
1746049920000000,94549.70000000,94559.95000000,94529.35000000,94529.35000000,6.22492000,1746049979999999,588596.78597870,2080,1.55425000,146958.03833340,0
1746049980000000,94529.36000000,94529.36000000,94478.26000000,94478.26000000,3.34693000,1746050039999999,316305.24135980,2150,0.12257000,11585.41419540,0
1746050040000000,94478.26000000,94478.27000000,94415.22000000,94421.35000000,11.40905000,1746050099999999,1077488.24450960,4155,5.15852000,487139.05588280,0
1746050100000000,94421.36000000,94421.36000000,94385.48000000,94419.83000000,8.29762000,1746050159999999,783275.30163850,2195,3.84880000,363307.52886870,0
1746050160000000,94419.83000000,94473.51000000,94419.83000000,94423.86000000,11.77395000,1746050219999999,1112156.23884290,1776,1.59783000,150901.58508090,0
1746050220000000,94423.86000000,94444.00000000,94423.85000000,94437.23000000,9.70717000,1746050279999999,916692.21656400,693,6.19540000,585030.19084020,0
1746050280000000,94437.22000000,94437.22000000,94382.35000000,94382.35000000,4.67890000,1746050339999999,441724.73784350,2167,1.23010000,116109.34531070,0
1746050340000000,94382.36000000,94419.00000000,94382.35000000,94419.00000000,2.32040000,1746050399999999,219042.57940590,1188,2.18689000,206437.96107870,0
1746050400000000,94418.99000000,94548.21000000,94418.99000000,94548.21000000,12.93582000,1746050459999999,1221991.26622160,3920,9.20546000,869638.93057530,0
1746050460000000,94548.21000000,94639.27000000,94548.20000000,94626.03000000,8.71964000,1746050519999999,824918.69656330,3024,6.55767000,620348.28845250,0
1746050520000000,94626.04000000,94720.00000000,94626.03000000,94691.76000000,15.26193000,1746050579999999,1445160.28976270,4893,8.81862000,834997.81980970,0
1746050580000000,94691.76000000,94691.76000000,94601.98000000,94612.62000000,11.72994000,1746050639999999,1110136.28318110,6234,2.01582000,190751.88481330,0
1746050640000000,94612.62000000,94630.24000000,94586.60000000,94613.99000000,6.94491000,1746050699999999,657064.82248830,3094,2.91922000,276194.23720950,0
1746050700000000,94613.99000000,94656.40000000,94601.85000000,94656.40000000,6.49849000,1746050759999999,614907.51514530,3080,3.29846000,312089.00318180,0
1746050760000000,94656.40000000,94714.28000000,94656.40000000,94702.69000000,6.40867000,1746050819999999,606854.22446000,2781,4.03321000,381886.97627010,0
1746050820000000,94702.69000000,94702.69000000,94671.87000000,94676.61000000,3.97678000,1746050879999999,376538.22276120,1065,1.48032000,140147.07330840,0
1746050880000000,94676.61000000,94684.91000000,94669.28000000,94669.29000000,2.01323000,1746050939999999,190609.60811800,902,0.43994000,41652.45157790,0
1746050940000000,94669.29000000,94687.46000000,94656.23000000,94687.46000000,3.24547000,1746050999999999,307241.61375900,1344,1.50450000,142434.77522120,0
1746051000000000,94687.47000000,94706.40000000,94664.39000000,94664.39000000,2.96486000,1746051059999999,280727.59025860,1853,1.50700000,142696.96664040,0
1746051060000000,94664.39000000,94664.39000000,94556.84000000,94566.31000000,9.23560000,1746051119999999,873655.55196900,5665,2.49960000,236382.64518470,0
1746051120000000,94566.30000000,94593.83000000,94566.30000000,94593.83000000,2.63681000,1746051179999999,249382.70714320,645,2.36399000,223577.64625630,0
1746051180000000,94593.83000000,94617.23000000,94593.82000000,94614.06000000,2.57932000,1746051239999999,244021.19941630,1251,1.57564000,149064.80100720,0
1746051240000000,94614.06000000,94614.06000000,94584.66000000,94584.66000000,2.68045000,1746051299999999,253569.61681070,1639,0.56239000,53199.85460500,0
1746051300000000,94584.67000000,94584.67000000,94503.67000000,94513.17000000,3.95500000,1746051359999999,373918.07268290,3160,0.78018000,73752.77887180,0
1746051360000000,94513.18000000,94542.60000000,94513.17000000,94537.59000000,2.91164000,1746051419999999,275239.20057140,1505,2.17275000,205386.87495040,0
1746051420000000,94537.60000000,94540.76000000,94537.59000000,94540.75000000,3.35899000,1746051479999999,317551.67070660,290,2.83350000,267872.56336110,0
1746051480000000,94540.75000000,94540.76000000,94522.04000000,94527.70000000,3.11061000,1746051539999999,294066.64691000,870,0.52031000,49183.83940620,0
1746051540000000,94527.69000000,94532.87000000,94520.20000000,94520.20000000,2.17842000,1746051599999999,205925.32024620,654,1.12976000,106798.34805700,0
1746051600000000,94520.21000000,94532.24000000,94500.00000000,94530.99000000,3.55540000,1746051659999999,336014.59960590,1490,1.67995000,158771.61861680,0
1746051660000000,94530.98000000,94535.85000000,94530.98000000,94535.85000000,0.79485000,1746051719999999,75141.06928110,262,0.54375000,51403.30166970,0
1746051720000000,94535.84000000,94556.09000000,94535.84000000,94556.08000000,1.70131000,1746051779999999,160848.84580520,720,1.22958000,116250.22757140,0
1746051780000000,94556.08000000,94564.00000000,94546.79000000,94558.73000000,2.88158000,1746051839999999,272463.06125820,957,2.17686000,205827.97685400,0
1746051840000000,94558.74000000,94558.74000000,94489.34000000,94489.34000000,3.16350000,1746051899999999,299021.21339940,1679,0.77731000,73473.81669900,0
1746051900000000,94489.35000000,94517.10000000,94489.34000000,94517.10000000,8.70015000,1746051959999999,822115.85022380,878,2.96659000,280324.16009140,0
1746051960000000,94517.09000000,94521.74000000,94511.84000000,94511.85000000,2.77327000,1746052019999999,262128.57093920,419,0.46293000,43755.97380350,0
1746052020000000,94511.85000000,94511.85000000,94465.00000000,94465.00000000,5.17203000,1746052079999999,488695.76274540,1521,0.09961000,9411.82335750,0
1746052080000000,94465.00000000,94465.00000000,94447.52000000,94448.02000000,3.68959000,1746052139999999,348489.55169820,999,0.34553000,32635.69925390,0
1746052140000000,94448.02000000,94448.02000000,94360.00000000,94360.00000000,15.64085000,1746052199999999,1476459.52744250,2472,1.66550000,157169.32036530,0
1746052200000000,94360.01000000,94385.37000000,94299.69000000,94385.37000000,36.86716000,1746052259999999,3478115.95164980,3931,14.32602000,1351574.01446560,0
1746052260000000,94385.36000000,94403.94000000,94310.35000000,94315.08000000,17.01672000,1746052319999999,1605806.95935060,1701,2.41618000,227954.43674530,0
1746052320000000,94315.07000000,94334.72000000,94296.20000000,94334.71000000,7.23387000,1746052379999999,682241.04793750,1513,3.46404000,326700.36444010,0
1746052380000000,94334.72000000,94334.72000000,94299.84000000,94330.61000000,7.36511000,1746052439999999,694647.58785060,1639,3.90824000,368581.86115070,0
1746052440000000,94330.61000000,94330.61000000,94280.00000000,94280.01000000,8.38768000,1746052499999999,790989.49138880,1140,1.10888000,104556.58382650,0
1746052500000000,94280.00000000,94311.75000000,94251.22000000,94265.38000000,12.98149000,1746052559999999,1223881.22187970,1948,4.99661000,471065.39011770,0
1746052560000000,94265.39000000,94284.63000000,94264.52000000,94284.62000000,3.23475000,1746052619999999,304954.73646470,709,2.23905000,211084.44847370,0
1746052620000000,94284.62000000,94293.24000000,94277.72000000,94284.61000000,8.49435000,1746052679999999,800898.56466480,743,2.29102000,215999.49222710,0
1746052680000000,94284.61000000,94284.61000000,94268.00000000,94271.31000000,6.88779000,1746052739999999,649364.69712260,970,1.61897000,152622.72696540,0
1746052740000000,94271.30000000,94284.61000000,94259.76000000,94262.04000000,5.93469000,1746052799999999,559479.67373010,1095,1.82371000,171924.76937760,0
1746052800000000,94262.03000000,94297.07000000,94262.03000000,94297.06000000,3.47662000,1746052859999999,327776.71778210,1192,2.85417000,269086.71725630,0
1746052860000000,94297.07000000,94327.50000000,94297.07000000,94327.25000000,4.39956000,1746052919999999,414941.22399830,2647,2.45505000,231540.02387820,0
1746052920000000,94327.25000000,94327.25000000,94253.96000000,94260.87000000,5.82309000,1746052979999999,549043.99391280,1376,0.76839000,72431.41073100,0
1746052980000000,94260.87000000,94272.27000000,94253.97000000,94272.26000000,8.80613000,1746053039999999,830092.25808470,959,6.29602000,593501.36195560,0
1746053040000000,94272.27000000,94272.27000000,94224.75000000,94268.23000000,4.96457000,1746053099999999,467935.42053530,1788,1.18698000,111870.38455880,0
1746053100000000,94268.23000000,94268.23000000,94256.56000000,94256.56000000,3.04518000,1746053159999999,287059.94230180,379,0.23952000,22579.12644960,0
1746053160000000,94256.57000000,94256.57000000,94164.99000000,94195.50000000,29.99205000,1746053219999999,2825261.94635360,3730,5.04312000,474972.98501140,0
1746053220000000,94195.50000000,94204.73000000,94085.62000000,94085.62000000,31.37260000,1746053279999999,2953181.28218790,4185,4.83800000,455412.07763620,0
1746053280000000,94085.63000000,94137.41000000,94077.69000000,94115.54000000,29.44054000,1746053339999999,2770796.16427320,3759,6.34939000,597472.29302450,0
1746053340000000,94115.54000000,94115.54000000,94068.11000000,94076.01000000,28.15581000,1746053399999999,2648983.21793900,2848,14.51367000,1365450.48408530,0
1746053400000000,94076.00000000,94095.53000000,94059.69000000,94095.53000000,12.02145000,1746053459999999,1130971.46137840,2047,6.88725000,647953.44948530,0
1746053460000000,94095.53000000,94142.09000000,94095.52000000,94110.91000000,8.51726000,1746053519999999,801677.03970440,3324,3.16251000,297652.76187340,0
1746053520000000,94110.92000000,94113.68000000,94085.29000000,94085.30000000,11.01318000,1746053579999999,1036404.21082840,1721,2.86135000,269264.91789820,0
1746053580000000,94085.30000000,94111.58000000,94060.00000000,94111.57000000,13.92406000,1746053639999999,1309883.32224870,2323,9.09123000,855197.90372150,0
1746053640000000,94111.57000000,94111.58000000,94100.95000000,94100.95000000,4.84072000,1746053699999999,455533.41855130,1095,1.08728000,102315.82432340,0
1746053700000000,94100.95000000,94166.63000000,94100.95000000,94144.48000000,6.88582000,1746053759999999,648286.79392400,2751,2.29837000,216339.49850330,0
1746053760000000,94144.48000000,94168.52000000,94137.91000000,94137.92000000,6.09962000,1746053819999999,574317.61073280,1303,2.35505000,221718.54362110,0
1746053820000000,94137.91000000,94137.91000000,94070.59000000,94070.60000000,14.07319000,1746053879999999,1324346.41713590,1884,1.27742000,120212.97945380,0
1746053880000000,94070.60000000,94111.50000000,94070.59000000,94103.31000000,5.82377000,1746053939999999,548004.08031830,707,3.28435000,309031.05981520,0
1746053940000000,94103.32000000,94134.12000000,94103.31000000,94114.05000000,3.56790000,1746053999999999,335825.96303220,793,1.25278000,117910.02304030,0
1746054000000000,94114.05000000,94137.92000000,94114.05000000,94135.32000000,3.05285000,1746054059999999,287355.12738370,1070,1.98525000,186863.13212450,0
1746054060000000,94135.32000000,94135.32000000,94070.05000000,94072.56000000,10.74405000,1746054119999999,1011118.38187060,1571,1.57689000,148347.44130070,0
1746054120000000,94072.56000000,94096.65000000,94043.47000000,94057.71000000,8.77011000,1746054179999999,824935.49517580,1623,1.46393000,137712.77742350,0
1746054180000000,94057.77000000,94072.99000000,94057.76000000,94064.00000000,5.63122000,1746054239999999,529695.71773130,660,2.32481000,218680.11499620,0
1746054240000000,94064.00000000,94064.00000000,94005.00000000,94016.00000000,39.35988000,1746054299999999,3700948.79930550,2428,7.13908000,671172.63329610,0
1746054300000000,94016.00000000,94071.81000000,94016.00000000,94071.81000000,4.83341000,1746054359999999,454551.89397810,555,2.86832000,269752.24067710,0
1746054360000000,94071.80000000,94113.80000000,94059.06000000,94085.44000000,12.27144000,1746054419999999,1154511.04388950,1169,6.52590000,613917.31098470,0
1746054420000000,94085.43000000,94217.40000000,94085.43000000,94212.61000000,26.96922000,1746054479999999,2539802.92450950,2390,18.49022000,1741212.15953000,0
1746054480000000,94212.60000000,94212.61000000,94182.63000000,94182.63000000,4.94297000,1746054539999999,465580.02691580,1093,0.59388000,55937.77856810,0
1746054540000000,94182.64000000,94193.99000000,94175.97000000,94176.67000000,8.22973000,1746054599999999,775134.02227600,2076,2.76345000,260278.45763770,0
1746054600000000,94176.67000000,94285.72000000,94176.66000000,94250.00000000,27.78850000,1746054659999999,2618650.23287730,3483,20.50105000,1931670.57470180,0
1746054660000000,94249.99000000,94252.00000000,94183.03000000,94212.54000000,16.33189000,1746054719999999,1538987.55583360,2816,4.71586000,444303.17201160,0
1746054720000000,94212.53000000,94275.71000000,94212.53000000,94275.71000000,4.31553000,1746054779999999,406733.59669840,2605,3.95309000,372579.62784740,0
1746054780000000,94275.71000000,94285.72000000,94271.91000000,94285.72000000,3.63585000,1746054839999999,342802.06199360,700,1.16424000,109767.71992490,0
1746054840000000,94285.71000000,94285.71000000,94264.00000000,94281.71000000,3.84085000,1746054899999999,362104.10435050,1220,1.44426000,136149.36690410,0
1746054900000000,94281.71000000,94333.34000000,94264.00000000,94333.34000000,7.06837000,1746054959999999,666459.05616990,2505,2.19030000,206514.33346910,0
1746054960000000,94333.33000000,94333.34000000,94299.99000000,94322.44000000,4.74363000,1746055019999999,447402.81499980,1967,1.68471000,158887.14878320,0
1746055020000000,94322.43000000,94322.43000000,94277.18000000,94277.19000000,3.92889000,1746055079999999,370515.79296370,1443,0.92735000,87458.03746270,0
1746055080000000,94277.18000000,94277.19000000,94199.91000000,94199.91000000,3.54730000,1746055139999999,334281.85585230,2646,0.10753000,10132.47461690,0
1746055140000000,94199.92000000,94208.68000000,94173.91000000,94188.96000000,5.50342000,1746055199999999,518386.25539090,1439,2.47909000,233501.21638490,0
1746055200000000,94188.96000000,94188.96000000,94180.00000000,94180.00000000,0.87823000,1746055259999999,82714.02384400,394,0.20605000,19406.25512460,0
1746055260000000,94180.01000000,94180.01000000,94162.16000000,94164.01000000,2.50293000,1746055319999999,235710.03465950,1420,0.42241000,39777.23069910,0
1746055320000000,94164.00000000,94200.00000000,94160.54000000,94200.00000000,9.98900000,1746055379999999,940623.75939530,1293,8.78840000,827564.87167870,0
1746055380000000,94199.99000000,94232.44000000,94199.99000000,94213.78000000,3.20171000,1746055439999999,301665.01092860,1472,1.24747000,117532.32043320,0
1746055440000000,94213.78000000,94223.38000000,94213.78000000,94223.37000000,1.64731000,1746055499999999,155211.02182510,716,1.51456000,142703.02370920,0
1746055500000000,94223.37000000,94278.20000000,94223.37000000,94278.19000000,1.56131000,1746055559999999,147148.97343370,1177,1.40044000,131987.24232200,0
1746055560000000,94278.19000000,94299.99000000,94278.19000000,94299.99000000,2.31479000,1746055619999999,218266.24926230,782,1.39074000,131135.75888760,0
1746055620000000,94299.99000000,94300.00000000,94266.29000000,94266.30000000,3.48765000,1746055679999999,328841.63529790,1235,0.14828000,13979.59428340,0
1746055680000000,94266.29000000,94272.54000000,94257.73000000,94257.73000000,9.15009000,1746055739999999,862536.66927390,886,8.11304000,764779.26731100,0
1746055740000000,94257.73000000,94257.74000000,94257.73000000,94257.74000000,0.23143000,1746055799999999,21814.06705320,64,0.05993000,5648.86635820,0
1746055800000000,94257.73000000,94280.00000000,94218.21000000,94237.89000000,7.25371000,1746055859999999,683646.16167650,2588,2.85664000,269204.20590720,0
1746055860000000,94237.89000000,94274.21000000,94237.88000000,94274.20000000,1.17682000,1746055919999999,110926.77307670,943,1.03750000,97794.83586390,0
1746055920000000,94274.20000000,94274.21000000,94266.97000000,94266.97000000,0.95193000,1746055979999999,89739.48421470,293,0.15204000,14332.60909950,0
1746055980000000,94266.98000000,94288.00000000,94264.42000000,94264.42000000,7.57840000,1746056039999999,714518.54117790,1170,5.93674000,559748.47934690,0
1746056040000000,94264.01000000,94333.34000000,94264.00000000,94333.33000000,3.59132000,1746056099999999,338693.42637780,1941,3.06765000,289296.80650590,0
1746056100000000,94333.33000000,94333.34000000,94314.36000000,94316.01000000,5.49066000,1746056159999999,517868.69863460,866,3.48772000,328942.69038480,0
1746056160000000,94316.02000000,94316.02000000,94260.86000000,94260.86000000,3.27408000,1746056219999999,308703.62690480,1765,0.18218000,17174.12318160,0
1746056220000000,94260.86000000,94260.87000000,94233.98000000,94233.98000000,2.34858000,1746056279999999,221351.05868340,1028,0.09922000,9351.15065420,0
1746056280000000,94233.98000000,94264.00000000,94233.98000000,94264.00000000,1.88142000,1746056339999999,177311.85363700,1136,1.71690000,161808.02877630,0
1746056340000000,94263.99000000,94296.21000000,94258.74000000,94296.21000000,4.00785000,1746056399999999,377798.51109220,1213,3.41610000,322019.16366540,0
1746056400000000,94296.21000000,94300.00000000,94260.19000000,94260.19000000,3.41927000,1746056459999999,322367.89138350,1276,1.06170000,100086.04873710,0
1746056460000000,94260.19000000,94260.19000000,94197.08000000,94197.09000000,12.17586000,1746056519999999,1147133.78372710,2117,7.02688000,661954.63142800,0
1746056520000000,94197.09000000,94217.40000000,94190.47000000,94190.48000000,3.27441000,1746056579999999,308471.83278240,1344,0.69382000,65362.82464250,0
1746056580000000,94190.47000000,94195.99000000,94176.74000000,94195.99000000,2.58044000,1746056639999999,243038.19315420,1186,1.54012000,145058.18418540,0
1746056640000000,94195.98000000,94202.27000000,94173.94000000,94173.95000000,2.94301000,1746056699999999,277211.78561230,1222,0.27271000,25688.34698420,0
1746056700000000,94173.94000000,94183.70000000,94142.85000000,94183.69000000,7.87971000,1746056759999999,741947.84203310,2206,4.73552000,445910.18924160,0
1746056760000000,94183.70000000,94204.71000000,94154.14000000,94154.15000000,4.87866000,1746056819999999,459539.17614780,2154,1.61918000,152521.95149810,0
1746056820000000,94154.15000000,94178.56000000,94154.14000000,94178.56000000,2.80979000,1746056879999999,264565.08615930,793,2.52089000,237358.19545770,0
1746056880000000,94178.56000000,94209.42000000,94178.55000000,94209.42000000,2.45197000,1746056939999999,230973.89943800,1014,2.34434000,220834.92114230,0
1746056940000000,94209.42000000,94231.79000000,94209.41000000,94231.79000000,3.08151000,1746056999999999,290323.02999150,872,2.64693000,249377.12371180,0
1746057000000000,94231.78000000,94276.42000000,94231.78000000,94268.32000000,2.17433000,1746057059999999,204953.82485720,1270,1.01032000,95220.27960990,0
1746057060000000,94268.31000000,94268.32000000,94268.31000000,94268.31000000,0.57619000,1746057119999999,54316.46067130,137,0.31324000,29528.60855680,0
1746057120000000,94268.32000000,94283.04000000,94244.00000000,94250.23000000,4.49738000,1746057179999999,423953.16068800,2009,1.96145000,184900.10404630,0
1746057180000000,94250.22000000,94250.23000000,94250.22000000,94250.23000000,0.95228000,1746057239999999,89752.60473340,221,0.52318000,49309.83533140,0
1746057240000000,94250.22000000,94258.78000000,94201.75000000,94217.39000000,5.12193000,1746057299999999,482664.57565460,2104,1.89815000,178856.58401210,0
1746057300000000,94217.39000000,94217.40000000,94148.00000000,94148.00000000,7.02138000,1746057359999999,661248.32147950,2123,1.05900000,99732.47605320,0
1746057360000000,94148.01000000,94173.92000000,94148.00000000,94173.92000000,1.62880000,1746057419999999,153369.03118300,977,1.26800000,119393.84812250,0
1746057420000000,94173.91000000,94193.01000000,94173.91000000,94188.16000000,7.26084000,1746057479999999,683816.14405960,922,1.11334000,104863.13296120,0
1746057480000000,94188.17000000,94192.93000000,94188.16000000,94192.93000000,0.65422000,1746057539999999,61620.83546840,360,0.27943000,26319.32560720,0
1746057540000000,94192.92000000,94192.93000000,94172.00000000,94172.00000000,2.25898000,1746057599999999,212769.45319750,754,0.11768000,11084.53398160,0
